subjID	social_distance	amount_self	amount_default	amount_other	choice	totalFairseq
1	1	37	20	20	1	1
1	10	37	20	20	1	1
1	20	25	20	20	0	1
1	100	37	20	20	0	1
1	5	37	20	20	1	1
1	50	43	20	20	0	1
1	10	43	20	20	1	1
1	5	31	20	20	1	1
1	1	19	20	20	1	1
1	100	31	20	20	0	1
1	20	31	20	20	0	1
1	50	25	20	20	0	1
1	100	19	20	20	0	1
1	50	19	20	20	0	1
1	10	19	20	20	1	1
1	5	25	20	20	1	1
1	20	37	20	20	0	1
1	1	25	20	20	1	1
1	20	43	20	20	1	1
1	10	31	20	20	1	1
1	5	19	20	20	1	1
1	1	31	20	20	1	1
1	50	31	20	20	0	1
1	100	25	20	20	0	1
1	1	43	20	20	1	1
1	10	25	20	20	1	1
1	100	43	20	20	0	1
1	50	37	20	20	0	1
1	5	43	20	20	1	1
1	20	19	20	20	0	1
1	50	37	20	20	0	1
1	5	37	20	20	1	1
1	100	37	20	20	0	1
1	10	31	20	20	1	1
1	1	25	20	20	1	1
1	20	31	20	20	0	1
1	50	25	20	20	0	1
1	5	19	20	20	1	1
1	10	43	20	20	1	1
1	1	37	20	20	1	1
1	100	31	20	20	0	1
1	20	43	20	20	0	1
1	10	19	20	20	1	1
1	100	25	20	20	0	1
1	20	19	20	20	0	1
1	50	31	20	20	1	1
1	5	25	20	20	1	1
1	1	19	20	20	1	1
1	1	43	20	20	1	1
1	20	25	20	20	0	1
1	50	19	20	20	0	1
1	5	43	20	20	1	1
1	100	43	20	20	0	1
1	10	37	20	20	1	1
1	50	43	20	20	0	1
1	1	31	20	20	1	1
1	100	19	20	20	0	1
1	20	37	20	20	0	1
1	5	31	20	20	1	1
1	10	25	20	20	1	1
1	1	19	10	30	1	0
1	5	31	10	30	0	0
1	10	37	10	30	0	0
1	100	25	10	30	0	0
1	50	37	10	30	0	0
1	20	25	10	30	0	0
1	100	31	10	30	0	0
1	10	19	10	30	0	0
1	50	19	10	30	0	0
1	1	43	10	30	1	0
1	5	19	10	30	0	0
1	20	31	10	30	0	0
1	50	25	10	30	0	0
1	20	37	10	30	0	0
1	5	37	10	30	0	0
1	10	31	10	30	1	0
1	100	43	10	30	0	0
1	1	25	10	30	1	0
1	5	43	10	30	1	0
1	20	43	10	30	0	0
1	10	25	10	30	0	0
1	50	31	10	30	0	0
1	1	31	10	30	1	0
1	100	37	10	30	0	0
1	50	43	10	30	0	0
1	1	37	10	30	1	0
1	20	19	10	30	0	0
1	10	43	10	30	0	0
1	100	19	10	30	0	0
1	5	25	10	30	0	0
1	100	19	10	30	0	0
1	5	31	10	30	0	0
1	50	25	10	30	0	0
1	10	25	10	30	0	0
1	1	25	10	30	1	0
1	20	31	10	30	0	0
1	1	19	10	30	1	0
1	10	19	10	30	0	0
1	20	19	10	30	0	0
1	5	37	10	30	1	0
1	50	31	10	30	0	0
1	100	31	10	30	0	0
1	10	31	10	30	0	0
1	20	37	10	30	0	0
1	1	37	10	30	1	0
1	5	43	10	30	0	0
1	100	25	10	30	0	0
1	50	37	10	30	0	0
1	50	43	10	30	0	0
1	20	43	10	30	1	0
1	100	43	10	30	0	0
1	10	37	10	30	0	0
1	1	43	10	30	1	0
1	5	19	10	30	0	0
1	50	19	10	30	0	0
1	20	25	10	30	0	0
1	5	25	10	30	0	0
1	1	31	10	30	1	0
1	100	37	10	30	0	0
1	10	43	10	30	0	0
2	10	37	10	30	0	0
2	50	19	10	30	0	0
2	1	25	10	30	1	0
2	100	25	10	30	0	0
2	5	37	10	30	1	0
2	20	19	10	30	0	0
2	10	25	10	30	0	0
2	100	19	10	30	0	0
2	50	25	10	30	0	0
2	20	43	10	30	0	0
2	5	25	10	30	1	0
2	1	31	10	30	1	0
2	1	37	10	30	1	0
2	100	37	10	30	0	0
2	20	31	10	30	0	0
2	10	43	10	30	1	0
2	5	43	10	30	1	0
2	50	31	10	30	0	0
2	10	19	10	30	0	0
2	5	19	10	30	1	0
2	50	37	10	30	0	0
2	20	25	10	30	0	0
2	100	31	10	30	0	0
2	1	19	10	30	1	0
2	5	31	10	30	1	0
2	10	31	10	30	1	0
2	100	43	10	30	0	0
2	1	43	10	30	1	0
2	20	37	10	30	0	0
2	50	43	10	30	0	0
2	10	19	10	30	1	0
2	100	31	10	30	0	0
2	50	31	10	30	0	0
2	20	25	10	30	0	0
2	1	31	10	30	1	0
2	5	31	10	30	1	0
2	5	43	10	30	1	0
2	1	37	10	30	1	0
2	50	25	10	30	0	0
2	100	25	10	30	0	0
2	10	31	10	30	0	0
2	20	37	10	30	0	0
2	10	43	10	30	0	0
2	1	25	10	30	1	0
2	100	43	10	30	0	0
2	5	19	10	30	1	0
2	50	37	10	30	0	0
2	20	19	10	30	0	0
2	10	25	10	30	0	0
2	50	19	10	30	0	0
2	1	19	10	30	1	0
2	5	37	10	30	1	0
2	20	31	10	30	0	0
2	100	37	10	30	0	0
2	100	19	10	30	0	0
2	20	43	10	30	0	0
2	50	43	10	30	0	0
2	10	37	10	30	0	0
2	1	43	10	30	1	0
2	5	25	10	30	1	0
2	50	25	20	20	0	1
2	5	25	20	20	1	1
2	100	43	20	20	0	1
2	1	19	20	20	1	1
2	20	43	20	20	0	1
2	10	43	20	20	0	1
2	10	37	20	20	0	1
2	20	31	20	20	0	1
2	50	37	20	20	0	1
2	1	31	20	20	1	1
2	5	31	20	20	1	1
2	100	31	20	20	0	1
2	20	19	20	20	0	1
2	10	25	20	20	1	1
2	100	19	20	20	0	1
2	50	19	20	20	0	1
2	1	37	20	20	1	1
2	5	37	20	20	1	1
2	20	25	20	20	0	1
2	5	19	20	20	1	1
2	10	31	20	20	0	1
2	100	37	20	20	0	1
2	1	43	20	20	1	1
2	50	31	20	20	0	1
2	10	19	20	20	0	1
2	50	43	20	20	0	1
2	1	25	20	20	1	1
2	5	43	20	20	1	1
2	20	37	20	20	0	1
2	100	25	20	20	0	1
2	10	19	20	20	0	1
2	50	19	20	20	0	1
2	5	31	20	20	1	1
2	20	25	20	20	0	1
2	1	37	20	20	1	1
2	100	37	20	20	0	1
2	5	43	20	20	1	1
2	50	37	20	20	0	1
2	100	31	20	20	0	1
2	1	25	20	20	1	1
2	10	43	20	20	0	1
2	20	37	20	20	0	1
2	10	31	20	20	0	1
2	100	25	20	20	0	1
2	50	43	20	20	0	1
2	1	31	20	20	1	1
2	20	19	20	20	0	1
2	5	25	20	20	0	1
2	10	37	20	20	0	1
2	100	19	20	20	0	1
2	5	37	20	20	1	1
2	1	43	20	20	1	1
2	50	31	20	20	0	1
2	20	43	20	20	0	1
2	100	43	20	20	0	1
2	5	19	20	20	1	1
2	10	25	20	20	0	1
2	20	31	20	20	0	1
2	1	19	20	20	1	1
2	50	25	20	20	0	1
3	5	31	10	30	0	0
3	10	43	10	30	0	0
3	50	37	10	30	0	0
3	1	37	10	30	1	0
3	100	43	10	30	0	0
3	20	43	10	30	0	0
3	5	43	10	30	0	0
3	50	25	10	30	0	0
3	1	19	10	30	1	0
3	20	37	10	30	0	0
3	100	19	10	30	0	0
3	10	31	10	30	0	0
3	50	31	10	30	0	0
3	100	37	10	30	0	0
3	20	19	10	30	0	0
3	10	37	10	30	0	0
3	1	43	10	30	1	0
3	5	19	10	30	0	0
3	20	25	10	30	0	0
3	100	25	10	30	0	0
3	1	25	10	30	1	0
3	10	19	10	30	0	0
3	5	25	10	30	0	0
3	50	43	10	30	0	0
3	5	37	10	30	0	0
3	1	31	10	30	1	0
3	20	31	10	30	0	0
3	10	25	10	30	0	0
3	50	19	10	30	0	0
3	100	31	10	30	0	0
3	100	31	20	20	0	1
3	10	31	20	20	1	1
3	50	19	20	20	0	1
3	5	31	20	20	1	1
3	1	31	20	20	1	1
3	20	43	20	20	0	1
3	100	43	20	20	0	1
3	5	19	20	20	1	1
3	10	37	20	20	1	1
3	20	37	20	20	0	1
3	1	37	20	20	1	1
3	50	25	20	20	0	1
3	1	25	20	20	1	1
3	100	19	20	20	0	1
3	5	43	20	20	1	1
3	50	37	20	20	0	1
3	20	19	20	20	0	1
3	10	43	20	20	1	1
3	100	37	20	20	0	1
3	1	43	20	20	1	1
3	10	25	20	20	1	1
3	5	37	20	20	1	1
3	50	43	20	20	0	1
3	20	31	20	20	0	1
3	10	19	20	20	1	1
3	50	31	20	20	0	1
3	100	25	20	20	0	1
3	20	25	20	20	0	1
3	1	19	20	20	1	1
3	5	25	20	20	1	1
3	5	37	20	20	1	1
3	10	19	20	20	1	1
3	100	19	20	20	0	1
3	50	25	20	20	0	1
3	1	19	20	20	1	1
3	20	19	20	20	0	1
3	10	31	20	20	1	1
3	100	25	20	20	0	1
3	20	43	20	20	0	1
3	50	19	20	20	0	1
3	1	31	20	20	1	1
3	5	19	20	20	1	1
3	5	43	20	20	1	1
3	20	31	20	20	0	1
3	1	37	20	20	1	1
3	100	31	20	20	0	1
3	10	25	20	20	1	1
3	50	31	20	20	0	1
3	5	31	20	20	1	1
3	10	37	20	20	1	1
3	20	25	20	20	0	1
3	100	37	20	20	0	1
3	50	43	20	20	0	1
3	1	43	20	20	1	1
3	1	25	20	20	1	1
3	5	25	20	20	1	1
3	100	43	20	20	0	1
3	10	43	20	20	1	1
3	20	37	20	20	0	1
3	50	37	20	20	0	1
3	5	37	10	30	0	0
3	100	31	10	30	0	0
3	20	25	10	30	0	0
3	50	19	10	30	0	0
3	1	37	10	30	1	0
3	10	37	10	30	0	0
3	1	43	10	30	1	0
3	5	19	10	30	0	0
3	50	25	10	30	0	0
3	20	43	10	30	0	0
3	100	43	10	30	0	0
3	10	43	10	30	0	0
3	5	43	10	30	0	0
3	50	37	10	30	0	0
3	1	25	10	30	1	0
3	20	19	10	30	0	0
3	100	19	10	30	0	0
3	10	19	10	30	0	0
3	1	19	10	30	1	0
3	100	25	10	30	0	0
3	50	31	10	30	0	0
3	10	31	10	30	0	0
3	5	31	10	30	0	0
3	20	37	10	30	0	0
3	100	37	10	30	0	0
3	50	43	10	30	0	0
3	10	25	10	30	0	0
3	20	31	10	30	0	0
3	1	31	10	30	1	0
3	5	25	10	30	0	0
4	10	37	20	20	1	1
4	50	43	20	20	0	1
4	5	43	20	20	1	1
4	1	31	20	20	1	1
4	20	31	20	20	0	1
4	100	31	20	20	0	1
4	100	25	20	20	0	1
4	5	19	20	20	0	1
4	10	25	20	20	0	1
4	20	19	20	20	0	1
4	1	37	20	20	1	1
4	50	19	20	20	0	1
4	20	25	20	20	0	1
4	1	19	20	20	0	1
4	10	43	20	20	1	1
4	5	31	20	20	1	1
4	100	43	20	20	0	1
4	50	25	20	20	0	1
4	10	31	20	20	1	1
4	20	43	20	20	1	1
4	100	19	20	20	0	1
4	5	37	20	20	1	1
4	1	43	20	20	1	1
4	50	37	20	20	0	1
4	20	37	20	20	1	1
4	1	25	20	20	1	1
4	5	25	20	20	1	1
4	100	37	20	20	0	1
4	50	31	20	20	0	1
4	10	19	20	20	0	1
4	20	31	20	20	1	1
4	50	31	20	20	0	1
4	10	25	20	20	1	1
4	5	31	20	20	1	1
4	100	25	20	20	0	1
4	1	37	20	20	1	1
4	5	43	20	20	1	1
4	50	19	20	20	0	1
4	1	43	20	20	1	1
4	10	31	20	20	1	1
4	20	37	20	20	1	1
4	100	19	20	20	0	1
4	20	19	20	20	0	1
4	50	25	20	20	0	1
4	10	19	20	20	0	1
4	100	31	20	20	0	1
4	5	25	20	20	1	1
4	1	31	20	20	1	1
4	20	25	20	20	1	1
4	100	43	20	20	0	1
4	10	43	20	20	1	1
4	5	19	20	20	0	1
4	1	25	20	20	1	1
4	50	37	20	20	0	1
4	100	37	20	20	0	1
4	20	43	20	20	1	1
4	5	37	20	20	1	1
4	50	43	20	20	0	1
4	1	19	20	20	1	1
4	10	37	20	20	1	1
4	1	43	10	30	1	0
4	20	43	10	30	1	0
4	100	25	10	30	0	0
4	10	25	10	30	1	0
4	50	25	10	30	0	0
4	5	25	10	30	1	0
4	20	19	10	30	0	0
4	10	43	10	30	1	0
4	5	43	10	30	1	0
4	50	43	10	30	0	0
4	1	19	10	30	1	0
4	100	31	10	30	0	0
4	10	37	10	30	1	0
4	1	37	10	30	1	0
4	20	37	10	30	1	0
4	50	37	10	30	0	0
4	5	19	10	30	0	0
4	100	43	10	30	0	0
4	5	31	10	30	1	0
4	1	25	10	30	1	0
4	100	19	10	30	0	0
4	20	31	10	30	1	0
4	50	19	10	30	0	0
4	10	19	10	30	0	0
4	20	25	10	30	1	0
4	5	37	10	30	1	0
4	100	37	10	30	0	0
4	10	31	10	30	1	0
4	50	31	10	30	0	0
4	1	31	10	30	1	0
4	20	43	10	30	1	0
4	50	37	10	30	0	0
4	100	43	10	30	0	0
4	1	43	10	30	1	0
4	10	19	10	30	1	0
4	5	25	10	30	1	0
4	50	19	10	30	0	0
4	10	37	10	30	1	0
4	5	43	10	30	1	0
4	20	31	10	30	1	0
4	100	31	10	30	0	0
4	1	37	10	30	1	0
4	20	25	10	30	1	0
4	1	19	10	30	1	0
4	5	31	10	30	1	0
4	50	25	10	30	0	0
4	100	37	10	30	0	0
4	10	25	10	30	1	0
4	1	31	10	30	1	0
4	100	25	10	30	0	0
4	5	19	10	30	1	0
4	50	31	10	30	0	0
4	10	43	10	30	1	0
4	20	37	10	30	1	0
4	50	43	10	30	0	0
4	1	25	10	30	1	0
4	100	19	10	30	0	0
4	5	37	10	30	1	0
4	10	31	10	30	1	0
4	20	19	10	30	1	0
5	5	31	10	30	0	0
5	10	37	10	30	0	0
5	100	37	10	30	0	0
5	20	31	10	30	0	0
5	1	25	10	30	1	0
5	50	25	10	30	0	0
5	100	25	10	30	0	0
5	5	37	10	30	1	0
5	10	31	10	30	0	0
5	20	43	10	30	0	0
5	50	43	10	30	0	0
5	1	19	10	30	1	0
5	100	19	10	30	0	0
5	20	37	10	30	0	0
5	50	19	10	30	0	0
5	1	31	10	30	1	0
5	5	43	10	30	1	0
5	10	19	10	30	0	0
5	1	43	10	30	1	0
5	50	37	10	30	0	0
5	5	25	10	30	0	0
5	20	19	10	30	0	0
5	100	31	10	30	0	0
5	10	43	10	30	0	0
5	5	19	10	30	0	0
5	1	37	10	30	1	0
5	50	31	10	30	0	0
5	20	25	10	30	0	0
5	10	25	10	30	0	0
5	100	43	10	30	0	0
5	20	31	10	30	0	0
5	10	37	10	30	0	0
5	100	43	10	30	0	0
5	50	31	10	30	0	0
5	1	43	10	30	1	0
5	5	31	10	30	0	0
5	10	19	10	30	0	0
5	5	25	10	30	0	0
5	100	19	10	30	0	0
5	50	25	10	30	0	0
5	20	43	10	30	0	0
5	1	25	10	30	1	0
5	100	31	10	30	0	0
5	10	43	10	30	0	0
5	1	37	10	30	1	0
5	50	43	10	30	0	0
5	20	37	10	30	0	0
5	5	37	10	30	1	0
5	100	25	10	30	0	0
5	20	19	10	30	0	0
5	1	19	10	30	1	0
5	5	43	10	30	1	0
5	50	37	10	30	0	0
5	10	25	10	30	0	0
5	20	25	10	30	0	0
5	5	19	10	30	0	0
5	50	19	10	30	0	0
5	10	31	10	30	0	0
5	1	31	10	30	1	0
5	100	37	10	30	0	0
5	20	31	20	20	0	1
5	5	31	20	20	1	1
5	10	43	20	20	0	1
5	1	31	20	20	1	1
5	50	43	20	20	0	1
5	100	37	20	20	0	1
5	20	37	20	20	0	1
5	100	19	20	20	1	1
5	10	25	20	20	0	1
5	5	43	20	20	0	1
5	50	37	20	20	0	1
5	1	43	20	20	1	1
5	5	19	20	20	1	1
5	50	31	20	20	0	1
5	10	19	20	20	1	1
5	20	19	20	20	1	1
5	1	19	20	20	1	1
5	100	25	20	20	0	1
5	10	37	20	20	0	1
5	5	25	20	20	1	1
5	50	25	20	20	0	1
5	1	25	20	20	1	1
5	20	25	20	20	0	1
5	100	31	20	20	0	1
5	50	19	20	20	1	1
5	100	43	20	20	0	1
5	20	43	20	20	0	1
5	1	37	20	20	1	1
5	10	31	20	20	0	1
5	5	37	20	20	0	1
5	1	37	20	20	1	1
5	5	43	20	20	0	1
5	10	37	20	20	0	1
5	50	37	20	20	0	1
5	100	31	20	20	0	1
5	20	43	20	20	0	1
5	1	43	20	20	1	1
5	100	37	20	20	0	1
5	50	19	20	20	1	1
5	20	37	20	20	0	1
5	10	19	20	20	1	1
5	5	19	20	20	1	1
5	10	25	20	20	1	1
5	20	19	20	20	1	1
5	100	25	20	20	0	1
5	1	25	20	20	1	1
5	50	43	20	20	0	1
5	5	31	20	20	1	1
5	1	31	20	20	1	1
5	5	25	20	20	1	1
5	10	31	20	20	0	1
5	50	25	20	20	0	1
5	20	25	20	20	0	1
5	100	43	20	20	0	1
5	100	19	20	20	1	1
5	5	37	20	20	0	1
5	20	31	20	20	0	1
5	10	43	20	20	0	1
5	1	19	20	20	1	1
5	50	31	20	20	0	1
6	50	43	20	20	0	1
6	10	25	20	20	1	1
6	100	19	20	20	0	1
6	5	19	20	20	1	1
6	1	19	20	20	1	1
6	20	31	20	20	1	1
6	5	25	20	20	1	1
6	1	37	20	20	1	1
6	100	37	20	20	0	1
6	50	37	20	20	0	1
6	10	19	20	20	1	1
6	20	43	20	20	1	1
6	10	43	20	20	1	1
6	50	31	20	20	0	1
6	100	25	20	20	0	1
6	20	19	20	20	1	1
6	5	37	20	20	1	1
6	1	25	20	20	0	1
6	10	31	20	20	1	1
6	5	43	20	20	1	1
6	50	19	20	20	0	1
6	100	43	20	20	0	1
6	20	37	20	20	1	1
6	1	31	20	20	1	1
6	10	37	20	20	1	1
6	50	25	20	20	0	1
6	20	25	20	20	1	1
6	100	31	20	20	0	1
6	1	43	20	20	1	1
6	5	31	20	20	1	1
6	5	19	20	20	1	1
6	20	31	20	20	1	1
6	50	43	20	20	0	1
6	1	37	20	20	1	1
6	10	43	20	20	1	1
6	100	31	20	20	0	1
6	100	37	20	20	0	1
6	10	19	20	20	1	1
6	5	25	20	20	1	1
6	20	19	20	20	1	1
6	50	19	20	20	0	1
6	1	25	20	20	1	1
6	10	37	20	20	1	1
6	100	25	20	20	0	1
6	5	31	20	20	1	1
6	50	37	20	20	0	1
6	1	19	20	20	1	1
6	20	43	20	20	1	1
6	20	25	20	20	1	1
6	50	31	20	20	0	1
6	1	43	20	20	1	1
6	10	31	20	20	1	1
6	100	43	20	20	0	1
6	5	37	20	20	1	1
6	100	19	20	20	0	1
6	10	25	20	20	1	1
6	20	37	20	20	1	1
6	5	43	20	20	1	1
6	1	31	20	20	1	1
6	50	25	20	20	0	1
6	5	31	10	30	0	0
6	20	31	10	30	0	0
6	50	43	10	30	0	0
6	10	25	10	30	0	0
6	1	37	10	30	0	0
6	100	31	10	30	0	0
6	20	37	10	30	0	0
6	10	43	10	30	0	0
6	100	25	10	30	0	0
6	1	31	10	30	0	0
6	5	19	10	30	1	0
6	50	31	10	30	0	0
6	5	43	10	30	0	0
6	20	19	10	30	1	0
6	100	19	10	30	0	0
6	10	31	10	30	0	0
6	50	19	10	30	0	0
6	1	19	10	30	1	0
6	20	25	10	30	0	0
6	100	43	10	30	0	0
6	50	25	10	30	0	0
6	10	19	10	30	1	0
6	5	25	10	30	0	0
6	1	25	10	30	0	0
6	10	37	10	30	0	0
6	1	43	10	30	0	0
6	100	37	10	30	0	0
6	50	37	10	30	0	0
6	5	37	10	30	0	0
6	20	43	10	30	0	0
6	100	31	10	30	0	0
6	1	19	10	30	1	0
6	10	31	10	30	0	0
6	5	19	10	30	1	0
6	50	37	10	30	0	0
6	20	25	10	30	1	0
6	10	43	10	30	0	0
6	5	31	10	30	0	0
6	100	43	10	30	0	0
6	1	31	10	30	0	0
6	50	43	10	30	0	0
6	20	31	10	30	0	0
6	20	37	10	30	0	0
6	10	37	10	30	0	0
6	1	25	10	30	1	0
6	100	37	10	30	0	0
6	50	31	10	30	0	0
6	5	43	10	30	0	0
6	1	37	10	30	0	0
6	20	43	10	30	0	0
6	100	25	10	30	0	0
6	50	19	10	30	0	0
6	10	19	10	30	1	0
6	5	37	10	30	0	0
6	5	25	10	30	1	0
6	1	43	10	30	0	0
6	50	25	10	30	0	0
6	10	25	10	30	1	0
6	100	19	10	30	0	0
6	20	19	10	30	1	0
7	5	37	20	20	1	1
7	100	31	20	20	0	1
7	50	31	20	20	0	1
7	10	43	20	20	1	1
7	20	31	20	20	0	1
7	1	25	20	20	1	1
7	100	25	20	20	0	1
7	5	31	20	20	1	1
7	1	37	20	20	1	1
7	50	43	20	20	0	1
7	10	19	20	20	1	1
7	20	37	20	20	0	1
7	1	19	20	20	1	1
7	100	19	20	20	0	1
7	50	25	20	20	0	1
7	5	25	20	20	1	1
7	10	37	20	20	1	1
7	20	19	20	20	0	1
7	10	31	20	20	1	1
7	100	43	20	20	0	1
7	1	31	20	20	1	1
7	5	19	20	20	1	1
7	20	25	20	20	0	1
7	50	19	20	20	0	1
7	10	25	20	20	1	1
7	1	43	20	20	1	1
7	5	43	20	20	1	1
7	50	37	20	20	0	1
7	100	37	20	20	0	1
7	20	43	20	20	0	1
7	10	43	10	30	1	0
7	20	19	10	30	0	0
7	50	25	10	30	0	0
7	1	43	10	30	1	0
7	100	31	10	30	0	0
7	5	31	10	30	1	0
7	10	37	10	30	1	0
7	1	25	10	30	1	0
7	5	37	10	30	1	0
7	20	37	10	30	0	0
7	100	37	10	30	0	0
7	50	37	10	30	0	0
7	100	43	10	30	0	0
7	50	19	10	30	0	0
7	20	31	10	30	0	0
7	1	31	10	30	1	0
7	5	25	10	30	1	0
7	10	19	10	30	1	0
7	5	43	10	30	1	0
7	10	25	10	30	1	0
7	20	25	10	30	0	0
7	100	19	10	30	0	0
7	1	19	10	30	1	0
7	50	31	10	30	0	0
7	5	19	10	30	1	0
7	10	31	10	30	1	0
7	100	25	10	30	0	0
7	50	43	10	30	0	0
7	20	43	10	30	0	0
7	1	37	10	30	1	0
7	10	31	10	30	1	0
7	50	37	10	30	0	0
7	20	31	10	30	0	0
7	5	25	10	30	1	0
7	100	37	10	30	0	0
7	1	43	10	30	1	0
7	50	43	10	30	0	0
7	10	25	10	30	1	0
7	20	43	10	30	0	0
7	100	31	10	30	0	0
7	5	43	10	30	1	0
7	1	19	10	30	1	0
7	20	19	10	30	0	0
7	5	37	10	30	1	0
7	50	25	10	30	0	0
7	100	25	10	30	0	0
7	10	43	10	30	1	0
7	1	37	10	30	1	0
7	20	37	10	30	0	0
7	5	31	10	30	1	0
7	1	31	10	30	1	0
7	50	19	10	30	0	0
7	10	37	10	30	1	0
7	100	19	10	30	0	0
7	20	25	10	30	0	0
7	1	25	10	30	1	0
7	5	19	10	30	1	0
7	10	19	10	30	1	0
7	100	43	10	30	0	0
7	50	31	10	30	0	0
7	20	31	20	20	0	1
7	50	25	20	20	0	1
7	1	37	20	20	1	1
7	100	37	20	20	0	1
7	10	31	20	20	1	1
7	5	37	20	20	1	1
7	5	25	20	20	1	1
7	1	31	20	20	1	1
7	50	43	20	20	0	1
7	100	25	20	20	0	1
7	10	43	20	20	1	1
7	20	43	20	20	0	1
7	1	43	20	20	1	1
7	100	19	20	20	0	1
7	5	31	20	20	1	1
7	20	37	20	20	0	1
7	50	19	20	20	0	1
7	10	25	20	20	1	1
7	1	25	20	20	1	1
7	100	31	20	20	0	1
7	5	43	20	20	1	1
7	20	25	20	20	0	1
7	50	37	20	20	0	1
7	10	19	20	20	1	1
7	100	43	20	20	0	1
7	1	19	20	20	1	1
7	10	37	20	20	1	1
7	50	31	20	20	0	1
7	5	19	20	20	1	1
7	20	19	20	20	0	1
8	50	25	10	30	0	0
8	1	25	10	30	1	0
8	10	19	10	30	1	0
8	5	31	10	30	1	0
8	20	31	10	30	0	0
8	100	25	10	30	0	0
8	10	25	10	30	1	0
8	20	25	10	30	0	0
8	50	31	10	30	0	0
8	100	37	10	30	0	0
8	1	37	10	30	1	0
8	5	25	10	30	1	0
8	20	37	10	30	0	0
8	50	19	10	30	0	0
8	5	43	10	30	1	0
8	10	37	10	30	1	0
8	100	19	10	30	0	0
8	1	31	10	30	1	0
8	10	31	10	30	1	0
8	5	37	10	30	1	0
8	50	37	10	30	0	0
8	1	43	10	30	1	0
8	20	43	10	30	0	0
8	100	31	10	30	0	0
8	100	43	10	30	0	0
8	1	19	10	30	1	0
8	10	43	10	30	1	0
8	50	43	10	30	0	0
8	20	19	10	30	0	0
8	5	19	10	30	1	0
8	1	43	20	20	1	1
8	10	43	20	20	1	1
8	50	19	20	20	0	1
8	5	25	20	20	1	1
8	100	31	20	20	0	1
8	20	43	20	20	0	1
8	1	19	20	20	1	1
8	100	43	20	20	0	1
8	5	31	20	20	1	1
8	50	43	20	20	0	1
8	10	31	20	20	0	1
8	20	31	20	20	0	1
8	100	19	20	20	1	1
8	50	25	20	20	0	1
8	5	43	20	20	1	1
8	10	25	20	20	1	1
8	20	37	20	20	0	1
8	1	25	20	20	1	1
8	50	37	20	20	0	1
8	20	19	20	20	1	1
8	100	37	20	20	0	1
8	10	19	20	20	1	1
8	1	31	20	20	1	1
8	5	19	20	20	1	1
8	50	31	20	20	0	1
8	20	25	20	20	0	1
8	1	37	20	20	1	1
8	5	37	20	20	1	1
8	10	37	20	20	0	1
8	100	25	20	20	0	1
8	5	31	10	30	1	0
8	50	19	10	30	0	0
8	10	25	10	30	0	0
8	20	43	10	30	0	0
8	1	25	10	30	1	0
8	100	37	10	30	0	0
8	50	37	10	30	0	0
8	5	37	10	30	1	0
8	1	43	10	30	0	0
8	20	37	10	30	0	0
8	100	43	10	30	0	0
8	10	37	10	30	0	0
8	10	19	10	30	0	0
8	100	25	10	30	0	0
8	5	19	10	30	1	0
8	1	37	10	30	1	0
8	50	25	10	30	0	0
8	20	19	10	30	0	0
8	5	25	10	30	1	0
8	1	31	10	30	1	0
8	100	19	10	30	0	0
8	50	31	10	30	0	0
8	20	31	10	30	0	0
8	10	31	10	30	0	0
8	20	25	10	30	0	0
8	5	43	10	30	0	0
8	10	43	10	30	0	0
8	100	31	10	30	0	0
8	50	43	10	30	0	0
8	1	19	10	30	1	0
8	10	31	20	20	1	1
8	1	37	20	20	1	1
8	100	31	20	20	0	1
8	50	43	20	20	0	1
8	5	31	20	20	1	1
8	20	31	20	20	0	1
8	20	19	20	20	1	1
8	100	43	20	20	0	1
8	5	37	20	20	1	1
8	50	37	20	20	0	1
8	10	19	20	20	1	1
8	1	43	20	20	0	1
8	10	43	20	20	0	1
8	20	25	20	20	0	1
8	1	19	20	20	1	1
8	50	31	20	20	0	1
8	5	25	20	20	1	1
8	100	19	20	20	1	1
8	100	25	20	20	0	1
8	10	37	20	20	0	1
8	1	25	20	20	1	1
8	5	43	20	20	0	1
8	50	25	20	20	0	1
8	20	37	20	20	0	1
8	50	19	20	20	1	1
8	5	19	20	20	1	1
8	1	31	20	20	1	1
8	100	37	20	20	0	1
8	10	25	20	20	1	1
8	20	43	20	20	0	1
9	100	25	20	20	0	1
9	20	25	20	20	1	1
9	50	31	20	20	0	1
9	10	31	20	20	0	1
9	1	37	20	20	1	1
9	5	31	20	20	0	1
9	1	31	20	20	1	1
9	100	37	20	20	0	1
9	5	25	20	20	1	1
9	20	43	20	20	0	1
9	50	19	20	20	0	1
9	10	37	20	20	0	1
9	50	25	20	20	0	1
9	20	31	20	20	0	1
9	10	19	20	20	0	1
9	100	43	20	20	0	1
9	1	43	20	20	1	1
9	5	19	20	20	0	1
9	10	43	20	20	1	1
9	100	31	20	20	0	1
9	5	37	20	20	1	1
9	20	19	20	20	0	1
9	1	25	20	20	0	1
9	50	43	20	20	0	1
9	1	19	20	20	0	1
9	100	19	20	20	0	1
9	10	25	20	20	1	1
9	20	37	20	20	1	1
9	5	43	20	20	0	1
9	50	37	20	20	0	1
9	10	43	20	20	1	1
9	100	31	20	20	0	1
9	1	19	20	20	0	1
9	5	31	20	20	1	1
9	20	19	20	20	0	1
9	50	19	20	20	0	1
9	20	37	20	20	1	1
9	1	25	20	20	1	1
9	50	31	20	20	0	1
9	5	43	20	20	0	1
9	100	19	20	20	0	1
9	10	37	20	20	1	1
9	1	31	20	20	1	1
9	5	19	20	20	0	1
9	100	37	20	20	0	1
9	50	37	20	20	0	1
9	20	43	20	20	1	1
9	10	19	20	20	0	1
9	5	37	20	20	1	1
9	10	25	20	20	0	1
9	1	37	20	20	1	1
9	20	25	20	20	0	1
9	50	43	20	20	0	1
9	100	43	20	20	0	1
9	5	25	20	20	1	1
9	100	25	20	20	0	1
9	1	43	20	20	1	1
9	10	31	20	20	1	1
9	20	31	20	20	1	1
9	50	25	20	20	0	1
9	20	25	10	30	0	0
9	10	37	10	30	1	0
9	5	31	10	30	1	0
9	50	43	10	30	0	0
9	1	25	10	30	1	0
9	100	25	10	30	0	0
9	10	19	10	30	0	0
9	50	31	10	30	0	0
9	20	31	10	30	1	0
9	1	37	10	30	1	0
9	100	37	10	30	0	0
9	5	37	10	30	1	0
9	20	19	10	30	0	0
9	100	19	10	30	0	0
9	5	43	10	30	1	0
9	1	19	10	30	0	0
9	50	25	10	30	0	0
9	10	31	10	30	1	0
9	50	19	10	30	0	0
9	20	43	10	30	0	0
9	1	43	10	30	1	0
9	100	31	10	30	0	0
9	10	25	10	30	0	0
9	5	19	10	30	0	0
9	5	25	10	30	0	0
9	10	43	10	30	1	0
9	50	37	10	30	0	0
9	1	31	10	30	1	0
9	100	43	10	30	0	0
9	20	37	10	30	1	0
9	50	43	10	30	0	0
9	1	19	10	30	0	0
9	20	43	10	30	1	0
9	10	37	10	30	1	0
9	100	19	10	30	0	0
9	5	25	10	30	1	0
9	10	31	10	30	1	0
9	1	37	10	30	1	0
9	20	37	10	30	1	0
9	50	19	10	30	0	0
9	100	37	10	30	0	0
9	5	19	10	30	0	0
9	20	25	10	30	0	0
9	10	25	10	30	0	0
9	50	31	10	30	0	0
9	1	25	10	30	1	0
9	100	25	10	30	0	0
9	5	31	10	30	1	0
9	100	31	10	30	0	0
9	20	31	10	30	1	0
9	1	43	10	30	1	0
9	10	19	10	30	0	0
9	5	37	10	30	1	0
9	50	25	10	30	0	0
9	20	19	10	30	0	0
9	1	31	10	30	1	0
9	50	37	10	30	0	0
9	100	43	10	30	0	0
9	5	43	10	30	1	0
9	10	43	10	30	1	0
10	5	37	10	30	1	0
10	10	43	10	30	1	0
10	1	25	10	30	1	0
10	50	25	10	30	0	0
10	100	37	10	30	0	0
10	20	43	10	30	0	0
10	20	19	10	30	0	0
10	5	25	10	30	0	0
10	100	25	10	30	0	0
10	10	31	10	30	0	0
10	1	19	10	30	1	0
10	50	37	10	30	0	0
10	1	43	10	30	1	0
10	10	25	10	30	0	0
10	20	31	10	30	0	0
10	100	43	10	30	0	0
10	50	31	10	30	0	0
10	5	43	10	30	0	0
10	50	43	10	30	0	0
10	5	19	10	30	1	0
10	20	25	10	30	0	0
10	100	19	10	30	0	0
10	10	37	10	30	0	0
10	1	37	10	30	1	0
10	1	31	10	30	1	0
10	10	19	10	30	0	0
10	5	31	10	30	0	0
10	20	37	10	30	0	0
10	100	31	10	30	0	0
10	50	19	10	30	0	0
10	20	25	20	20	0	1
10	50	43	20	20	0	1
10	5	31	20	20	0	1
10	10	19	20	20	0	1
10	100	37	20	20	0	1
10	1	25	20	20	1	1
10	100	43	20	20	0	1
10	50	25	20	20	0	1
10	5	43	20	20	0	1
10	10	37	20	20	0	1
10	20	31	20	20	0	1
10	1	43	20	20	0	1
10	100	25	20	20	0	1
10	5	19	20	20	1	1
10	1	19	20	20	1	1
10	50	19	20	20	0	1
10	20	19	20	20	0	1
10	10	43	20	20	0	1
10	1	37	20	20	1	1
10	20	43	20	20	0	1
10	5	25	20	20	1	1
10	100	31	20	20	0	1
10	10	31	20	20	0	1
10	50	31	20	20	0	1
10	100	19	20	20	0	1
10	5	37	20	20	0	1
10	50	37	20	20	0	1
10	1	31	20	20	1	1
10	20	37	20	20	0	1
10	10	25	20	20	0	1
10	1	43	20	20	0	1
10	5	37	20	20	0	1
10	50	25	20	20	0	1
10	10	43	20	20	0	1
10	100	19	20	20	0	1
10	20	25	20	20	0	1
10	10	31	20	20	0	1
10	100	25	20	20	0	1
10	1	19	20	20	1	1
10	5	19	20	20	1	1
10	50	43	20	20	0	1
10	20	31	20	20	0	1
10	50	37	20	20	0	1
10	5	25	20	20	1	1
10	1	37	20	20	1	1
10	20	19	20	20	0	1
10	10	37	20	20	0	1
10	100	43	20	20	0	1
10	5	43	20	20	0	1
10	100	37	20	20	0	1
10	50	19	20	20	0	1
10	1	31	20	20	1	1
10	20	37	20	20	0	1
10	10	19	20	20	0	1
10	100	31	20	20	0	1
10	20	43	20	20	0	1
10	5	31	20	20	0	1
10	50	31	20	20	0	1
10	1	25	20	20	1	1
10	10	25	20	20	0	1
10	20	19	10	30	0	0
10	5	31	10	30	0	0
10	10	19	10	30	0	0
10	100	37	10	30	0	0
10	50	43	10	30	0	0
10	1	31	10	30	1	0
10	1	19	10	30	1	0
10	20	43	10	30	0	0
10	5	25	10	30	1	0
10	100	19	10	30	0	0
10	10	25	10	30	0	0
10	50	31	10	30	0	0
10	20	37	10	30	0	0
10	10	31	10	30	0	0
10	5	43	10	30	0	0
10	100	31	10	30	0	0
10	50	19	10	30	0	0
10	1	25	10	30	1	0
10	50	25	10	30	0	0
10	20	25	10	30	0	0
10	100	43	10	30	0	0
10	5	37	10	30	0	0
10	10	43	10	30	0	0
10	1	37	10	30	0	0
10	50	37	10	30	0	0
10	10	37	10	30	0	0
10	1	43	10	30	0	0
10	100	25	10	30	0	0
10	5	19	10	30	1	0
10	20	31	10	30	0	0
11	20	25	10	30	1	0
11	5	19	10	30	1	0
11	1	31	10	30	1	0
11	100	19	10	30	0	0
11	10	19	10	30	1	0
11	50	19	10	30	0	0
11	50	31	10	30	0	0
11	20	43	10	30	0	0
11	1	43	10	30	0	0
11	100	43	10	30	0	0
11	5	37	10	30	0	0
11	10	31	10	30	0	0
11	20	19	10	30	0	0
11	1	37	10	30	0	0
11	100	37	10	30	0	0
11	10	37	10	30	0	0
11	5	25	10	30	1	0
11	50	43	10	30	0	0
11	20	37	10	30	0	0
11	50	25	10	30	0	0
11	10	25	10	30	1	0
11	1	19	10	30	1	0
11	5	31	10	30	0	0
11	100	25	10	30	0	0
11	20	31	10	30	0	0
11	5	43	10	30	0	0
11	50	37	10	30	0	0
11	1	25	10	30	1	0
11	100	31	10	30	0	0
11	10	43	10	30	0	0
11	1	37	10	30	0	0
11	100	25	10	30	0	0
11	20	37	10	30	0	0
11	50	37	10	30	0	0
11	5	19	10	30	1	0
11	10	19	10	30	0	0
11	1	43	10	30	0	0
11	10	25	10	30	1	0
11	100	43	10	30	0	0
11	5	37	10	30	0	0
11	20	43	10	30	0	0
11	50	43	10	30	0	0
11	100	19	10	30	0	0
11	50	31	10	30	0	0
11	20	31	10	30	0	0
11	5	31	10	30	1	0
11	10	43	10	30	0	0
11	1	19	10	30	1	0
11	1	31	10	30	1	0
11	10	37	10	30	0	0
11	5	25	10	30	1	0
11	50	19	10	30	0	0
11	100	37	10	30	0	0
11	20	25	10	30	1	0
11	5	43	10	30	0	0
11	100	31	10	30	0	0
11	1	25	10	30	1	0
11	50	25	10	30	0	0
11	10	31	10	30	0	0
11	20	19	10	30	1	0
11	50	19	20	20	1	1
11	1	19	20	20	1	1
11	5	31	20	20	1	1
11	20	43	20	20	0	1
11	10	19	20	20	1	1
11	100	31	20	20	0	1
11	50	31	20	20	0	1
11	100	19	20	20	0	1
11	1	31	20	20	1	1
11	5	37	20	20	0	1
11	10	25	20	20	1	1
11	20	37	20	20	0	1
11	100	37	20	20	0	1
11	20	19	20	20	1	1
11	10	43	20	20	0	1
11	5	25	20	20	1	1
11	50	43	20	20	0	1
11	1	25	20	20	1	1
11	5	43	20	20	0	1
11	10	37	20	20	0	1
11	20	31	20	20	0	1
11	100	25	20	20	0	1
11	50	37	20	20	0	1
11	1	37	20	20	0	1
11	10	31	20	20	0	1
11	1	43	20	20	0	1
11	5	19	20	20	1	1
11	100	43	20	20	0	1
11	20	25	20	20	1	1
11	50	25	20	20	0	1
11	10	25	20	20	1	1
11	1	25	20	20	1	1
11	20	43	20	20	0	1
11	50	37	20	20	0	1
11	5	31	20	20	0	1
11	100	19	20	20	1	1
11	100	31	20	20	0	1
11	1	31	20	20	1	1
11	5	43	20	20	0	1
11	50	19	20	20	1	1
11	10	19	20	20	1	1
11	20	25	20	20	1	1
11	1	37	20	20	0	1
11	50	25	20	20	0	1
11	10	31	20	20	0	1
11	20	31	20	20	0	1
11	5	25	20	20	1	1
11	100	37	20	20	0	1
11	10	43	20	20	0	1
11	100	25	20	20	1	1
11	50	43	20	20	0	1
11	20	19	20	20	1	1
11	1	19	20	20	1	1
11	5	19	20	20	1	1
11	20	37	20	20	0	1
11	5	37	20	20	0	1
11	50	31	20	20	0	1
11	10	37	20	20	0	1
11	1	43	20	20	0	1
11	100	43	20	20	0	1
12	50	19	20	20	0	1
12	1	19	20	20	1	1
12	10	43	20	20	1	1
12	20	43	20	20	0	1
12	100	19	20	20	0	1
12	5	37	20	20	1	1
12	50	43	20	20	0	1
12	5	31	20	20	1	1
12	10	37	20	20	1	1
12	1	37	20	20	1	1
12	100	43	20	20	0	1
12	20	31	20	20	1	1
12	50	37	20	20	0	1
12	100	37	20	20	0	1
12	20	19	20	20	1	1
12	5	43	20	20	1	1
12	1	31	20	20	1	1
12	10	31	20	20	1	1
12	100	25	20	20	0	1
12	20	25	20	20	0	1
12	1	43	20	20	0	1
12	5	25	20	20	1	1
12	50	25	20	20	0	1
12	10	19	20	20	0	1
12	100	31	20	20	0	1
12	1	25	20	20	1	1
12	10	25	20	20	1	1
12	5	19	20	20	1	1
12	20	37	20	20	1	1
12	50	31	20	20	0	1
12	20	19	20	20	1	1
12	50	25	20	20	0	1
12	5	19	20	20	1	1
12	100	25	20	20	0	1
12	1	19	20	20	1	1
12	10	25	20	20	1	1
12	20	31	20	20	1	1
12	5	25	20	20	1	1
12	10	31	20	20	1	1
12	1	37	20	20	0	1
12	100	31	20	20	0	1
12	50	37	20	20	0	1
12	50	31	20	20	0	1
12	1	31	20	20	1	1
12	100	19	20	20	0	1
12	5	31	20	20	1	1
12	10	19	20	20	1	1
12	20	25	20	20	1	1
12	100	43	20	20	0	1
12	50	43	20	20	0	1
12	10	37	20	20	0	1
12	5	43	20	20	0	1
12	1	25	20	20	1	1
12	20	43	20	20	0	1
12	5	37	20	20	0	1
12	50	19	20	20	0	1
12	1	43	20	20	0	1
12	10	43	20	20	0	1
12	20	37	20	20	0	1
12	100	37	20	20	0	1
12	5	19	10	30	1	0
12	20	19	10	30	1	0
12	1	43	10	30	0	0
12	10	25	10	30	0	0
12	50	37	10	30	0	0
12	100	43	10	30	0	0
12	1	37	10	30	0	0
12	50	43	10	30	0	0
12	5	37	10	30	0	0
12	20	25	10	30	1	0
12	100	37	10	30	0	0
12	10	19	10	30	1	0
12	50	31	10	30	0	0
12	5	43	10	30	0	0
12	20	37	10	30	0	0
12	1	19	10	30	1	0
12	100	31	10	30	0	0
12	10	43	10	30	0	0
12	100	19	10	30	0	0
12	1	31	10	30	0	0
12	20	31	10	30	0	0
12	10	37	10	30	0	0
12	5	25	10	30	1	0
12	50	19	10	30	0	0
12	50	25	10	30	0	0
12	5	31	10	30	0	0
12	100	25	10	30	0	0
12	1	25	10	30	0	0
12	20	43	10	30	0	0
12	10	31	10	30	0	0
12	100	31	10	30	0	0
12	5	31	10	30	0	0
12	1	19	10	30	1	0
12	50	31	10	30	0	0
12	20	37	10	30	0	0
12	10	37	10	30	0	0
12	5	37	10	30	0	0
12	100	37	10	30	0	0
12	1	37	10	30	0	0
12	20	43	10	30	0	0
12	50	37	10	30	0	0
12	10	19	10	30	1	0
12	20	19	10	30	1	0
12	10	43	10	30	0	0
12	100	43	10	30	0	0
12	1	25	10	30	0	0
12	5	43	10	30	0	0
12	50	19	10	30	0	0
12	20	31	10	30	0	0
12	50	25	10	30	0	0
12	100	25	10	30	0	0
12	1	31	10	30	0	0
12	5	19	10	30	1	0
12	10	31	10	30	0	0
12	50	43	10	30	0	0
12	20	25	10	30	1	0
12	10	25	10	30	1	0
12	100	19	10	30	0	0
12	1	43	10	30	0	0
12	5	25	10	30	1	0
13	5	31	20	20	0	1
13	10	31	20	20	0	1
13	100	31	20	20	0	1
13	50	43	20	20	0	1
13	20	31	20	20	0	1
13	1	43	20	20	1	1
13	100	19	20	20	0	1
13	5	43	20	20	1	1
13	1	19	20	20	0	1
13	50	37	20	20	0	1
13	10	25	20	20	0	1
13	20	37	20	20	0	1
13	50	25	20	20	0	1
13	5	25	20	20	0	1
13	100	37	20	20	0	1
13	10	37	20	20	0	1
13	1	25	20	20	0	1
13	20	25	20	20	0	1
13	20	19	20	20	0	1
13	5	19	20	20	1	1
13	50	19	20	20	0	1
13	100	43	20	20	0	1
13	1	31	20	20	1	1
13	10	19	20	20	0	1
13	50	31	20	20	0	1
13	1	37	20	20	0	1
13	20	43	20	20	0	1
13	10	43	20	20	1	1
13	100	25	20	20	0	1
13	5	37	20	20	0	1
13	1	43	10	30	0	0
13	20	25	10	30	0	0
13	100	37	10	30	0	0
13	10	31	10	30	0	0
13	5	37	10	30	1	0
13	50	31	10	30	0	0
13	20	37	10	30	0	0
13	10	25	10	30	1	0
13	50	37	10	30	0	0
13	5	19	10	30	0	0
13	100	19	10	30	0	0
13	1	19	10	30	1	0
13	50	25	10	30	0	0
13	5	31	10	30	0	0
13	1	37	10	30	0	0
13	100	25	10	30	0	0
13	10	19	10	30	0	0
13	20	31	10	30	0	0
13	5	43	10	30	1	0
13	50	43	10	30	0	0
13	20	19	10	30	0	0
13	100	31	10	30	0	0
13	1	25	10	30	0	0
13	10	37	10	30	1	0
13	100	43	10	30	0	0
13	1	31	10	30	1	0
13	50	19	10	30	0	0
13	20	43	10	30	0	0
13	5	25	10	30	0	0
13	10	43	10	30	0	0
13	100	37	20	20	0	1
13	20	31	20	20	0	1
13	5	43	20	20	1	1
13	50	43	20	20	0	1
13	10	37	20	20	1	1
13	1	31	20	20	0	1
13	100	19	20	20	0	1
13	20	37	20	20	0	1
13	10	25	20	20	0	1
13	50	37	20	20	0	1
13	1	19	20	20	0	1
13	5	25	20	20	0	1
13	20	25	20	20	0	1
13	5	19	20	20	0	1
13	50	25	20	20	0	1
13	100	25	20	20	0	1
13	1	37	20	20	1	1
13	10	31	20	20	0	1
13	100	43	20	20	0	1
13	10	43	20	20	0	1
13	20	43	20	20	1	1
13	1	25	20	20	0	1
13	50	31	20	20	0	1
13	5	31	20	20	0	1
13	5	37	20	20	1	1
13	10	19	20	20	0	1
13	20	19	20	20	0	1
13	50	19	20	20	0	1
13	100	31	20	20	0	1
13	1	43	20	20	1	1
13	1	43	10	30	1	0
13	20	31	10	30	0	0
13	100	43	10	30	0	0
13	5	19	10	30	0	0
13	50	43	10	30	0	0
13	10	19	10	30	0	0
13	10	25	10	30	0	0
13	50	25	10	30	0	0
13	100	31	10	30	0	0
13	5	31	10	30	1	0
13	20	19	10	30	0	0
13	1	19	10	30	0	0
13	5	43	10	30	1	0
13	50	19	10	30	0	0
13	20	43	10	30	0	0
13	100	37	10	30	0	0
13	10	31	10	30	0	0
13	1	31	10	30	1	0
13	10	43	10	30	1	0
13	100	25	10	30	0	0
13	20	25	10	30	0	0
13	5	25	10	30	0	0
13	1	37	10	30	1	0
13	50	31	10	30	0	0
13	50	37	10	30	0	0
13	5	37	10	30	1	0
13	1	25	10	30	0	0
13	20	37	10	30	0	0
13	100	19	10	30	0	0
13	10	37	10	30	0	0
14	5	31	20	20	1	1
14	100	43	20	20	0	1
14	1	31	20	20	1	1
14	50	31	20	20	0	1
14	10	31	20	20	1	1
14	20	37	20	20	1	1
14	10	37	20	20	1	1
14	50	25	20	20	0	1
14	5	19	20	20	1	1
14	1	43	20	20	1	1
14	20	43	20	20	1	1
14	100	25	20	20	0	1
14	20	19	20	20	1	1
14	5	37	20	20	1	1
14	50	43	20	20	0	1
14	10	19	20	20	1	1
14	1	25	20	20	1	1
14	100	19	20	20	0	1
14	20	31	20	20	1	1
14	5	43	20	20	1	1
14	100	37	20	20	0	1
14	1	19	20	20	1	1
14	10	43	20	20	1	1
14	50	37	20	20	0	1
14	5	25	20	20	1	1
14	10	25	20	20	1	1
14	1	37	20	20	1	1
14	20	25	20	20	1	1
14	100	31	20	20	0	1
14	50	19	20	20	0	1
14	100	25	10	30	0	0
14	1	25	10	30	1	0
14	10	37	10	30	1	0
14	20	19	10	30	1	0
14	5	37	10	30	1	0
14	50	37	10	30	0	0
14	10	19	10	30	1	0
14	20	37	10	30	1	0
14	50	25	10	30	0	0
14	5	31	10	30	1	0
14	1	43	10	30	1	0
14	100	19	10	30	0	0
14	100	31	10	30	0	0
14	10	31	10	30	1	0
14	20	43	10	30	1	0
14	5	25	10	30	1	0
14	50	19	10	30	0	0
14	1	37	10	30	1	0
14	10	25	10	30	1	0
14	1	31	10	30	1	0
14	50	43	10	30	0	0
14	5	19	10	30	1	0
14	20	25	10	30	1	0
14	100	43	10	30	0	0
14	10	43	10	30	0	0
14	50	31	10	30	0	0
14	1	19	10	30	1	0
14	5	43	10	30	0	0
14	20	31	10	30	1	0
14	100	37	10	30	0	0
14	10	43	10	30	0	0
14	100	19	10	30	0	0
14	50	19	10	30	0	0
14	5	19	10	30	1	0
14	1	43	10	30	0	0
14	20	37	10	30	1	0
14	1	25	10	30	1	0
14	5	25	10	30	1	0
14	20	43	10	30	0	0
14	10	37	10	30	1	0
14	50	43	10	30	0	0
14	100	31	10	30	0	0
14	50	31	10	30	0	0
14	20	19	10	30	1	0
14	5	31	10	30	1	0
14	10	25	10	30	1	0
14	1	19	10	30	1	0
14	100	37	10	30	0	0
14	10	31	10	30	1	0
14	5	43	10	30	0	0
14	20	31	10	30	1	0
14	1	37	10	30	1	0
14	50	25	10	30	0	0
14	100	43	10	30	0	0
14	1	31	10	30	1	0
14	10	19	10	30	1	0
14	5	37	10	30	1	0
14	50	37	10	30	0	0
14	100	25	10	30	0	0
14	20	25	10	30	1	0
14	50	31	20	20	0	1
14	10	19	20	20	1	1
14	1	25	20	20	1	1
14	5	25	20	20	1	1
14	20	37	20	20	1	1
14	100	25	20	20	0	1
14	50	43	20	20	0	1
14	1	43	20	20	0	1
14	100	43	20	20	0	1
14	20	19	20	20	1	1
14	10	37	20	20	1	1
14	5	37	20	20	1	1
14	1	37	20	20	1	1
14	50	37	20	20	0	1
14	5	43	20	20	0	1
14	20	31	20	20	1	1
14	10	43	20	20	0	1
14	100	19	20	20	0	1
14	50	25	20	20	0	1
14	1	19	20	20	1	1
14	10	25	20	20	1	1
14	5	31	20	20	1	1
14	20	43	20	20	0	1
14	100	31	20	20	0	1
14	20	25	20	20	1	1
14	100	37	20	20	0	1
14	10	31	20	20	1	1
14	5	19	20	20	1	1
14	1	31	20	20	1	1
14	50	19	20	20	0	1
15	1	19	20	20	1	1
15	50	43	20	20	0	1
15	100	25	20	20	0	1
15	10	19	20	20	1	1
15	5	37	20	20	1	1
15	20	19	20	20	1	1
15	10	43	20	20	1	1
15	50	31	20	20	0	1
15	5	43	20	20	1	1
15	100	19	20	20	0	1
15	20	25	20	20	1	1
15	1	43	20	20	1	1
15	20	43	20	20	1	1
15	5	31	20	20	1	1
15	1	25	20	20	1	1
15	50	25	20	20	0	1
15	100	31	20	20	0	1
15	10	25	20	20	1	1
15	5	25	20	20	1	1
15	100	37	20	20	0	1
15	10	37	20	20	1	1
15	1	31	20	20	1	1
15	50	19	20	20	0	1
15	20	31	20	20	1	1
15	10	31	20	20	1	1
15	5	19	20	20	1	1
15	100	43	20	20	0	1
15	50	37	20	20	0	1
15	20	37	20	20	1	1
15	1	37	20	20	1	1
15	50	37	10	30	0	0
15	5	19	10	30	1	0
15	100	43	10	30	0	0
15	1	37	10	30	1	0
15	10	37	10	30	1	0
15	20	25	10	30	1	0
15	10	43	10	30	1	0
15	1	43	10	30	1	0
15	5	37	10	30	1	0
15	20	19	10	30	1	0
15	50	31	10	30	0	0
15	100	31	10	30	0	0
15	20	31	10	30	1	0
15	1	25	10	30	1	0
15	50	25	10	30	0	0
15	100	19	10	30	0	0
15	10	25	10	30	1	0
15	5	43	10	30	1	0
15	20	37	10	30	1	0
15	100	37	10	30	0	0
15	5	31	10	30	1	0
15	1	31	10	30	1	0
15	10	31	10	30	1	0
15	50	19	10	30	0	0
15	100	25	10	30	0	0
15	20	43	10	30	1	0
15	50	43	10	30	0	0
15	1	19	10	30	1	0
15	10	19	10	30	1	0
15	5	25	10	30	1	0
15	1	31	20	20	1	1
15	20	37	20	20	1	1
15	50	19	20	20	0	1
15	10	25	20	20	1	1
15	100	31	20	20	0	1
15	5	43	20	20	1	1
15	20	43	20	20	1	1
15	10	43	20	20	1	1
15	1	19	20	20	1	1
15	100	37	20	20	0	1
15	5	37	20	20	1	1
15	50	25	20	20	0	1
15	10	31	20	20	1	1
15	20	31	20	20	1	1
15	100	25	20	20	0	1
15	50	43	20	20	0	1
15	5	19	20	20	1	1
15	1	25	20	20	1	1
15	5	31	20	20	1	1
15	1	43	20	20	1	1
15	10	37	20	20	1	1
15	20	25	20	20	1	1
15	50	31	20	20	0	1
15	100	19	20	20	0	1
15	10	19	20	20	1	1
15	50	37	20	20	0	1
15	20	19	20	20	1	1
15	100	43	20	20	0	1
15	5	25	20	20	1	1
15	1	37	20	20	0	1
15	10	19	10	30	1	0
15	20	19	10	30	1	0
15	1	25	10	30	1	0
15	100	37	10	30	0	0
15	50	19	10	30	0	0
15	5	43	10	30	1	0
15	20	43	10	30	1	0
15	5	25	10	30	1	0
15	10	37	10	30	1	0
15	100	19	10	30	0	0
15	50	31	10	30	0	0
15	1	31	10	30	1	0
15	50	37	10	30	0	0
15	1	37	10	30	1	0
15	100	25	10	30	0	0
15	10	31	10	30	1	0
15	5	31	10	30	1	0
15	20	25	10	30	1	0
15	1	43	10	30	1	0
15	50	43	10	30	0	0
15	10	25	10	30	1	0
15	20	37	10	30	1	0
15	5	19	10	30	1	0
15	100	43	10	30	0	0
15	100	31	10	30	0	0
15	5	37	10	30	1	0
15	50	25	10	30	0	0
15	1	19	10	30	1	0
15	20	31	10	30	1	0
15	10	43	10	30	1	0
16	10	25	10	30	0	0
16	1	43	10	30	1	0
16	20	43	10	30	0	0
16	100	19	10	30	0	0
16	5	31	10	30	1	0
16	50	31	10	30	0	0
16	5	19	10	30	1	0
16	1	19	10	30	1	0
16	50	37	10	30	0	0
16	10	31	10	30	0	0
16	100	31	10	30	0	0
16	20	31	10	30	0	0
16	5	43	10	30	1	0
16	10	37	10	30	0	0
16	100	37	10	30	0	0
16	1	31	10	30	1	0
16	50	43	10	30	0	0
16	20	37	10	30	1	0
16	50	19	10	30	0	0
16	10	19	10	30	1	0
16	100	43	10	30	0	0
16	1	37	10	30	1	0
16	20	25	10	30	1	0
16	5	25	10	30	1	0
16	10	43	10	30	0	0
16	20	19	10	30	0	0
16	5	37	10	30	1	0
16	1	25	10	30	1	0
16	50	25	10	30	0	0
16	100	25	10	30	0	0
16	100	31	20	20	1	1
16	50	31	20	20	0	1
16	20	37	20	20	0	1
16	10	25	20	20	1	1
16	1	25	20	20	1	1
16	5	31	20	20	1	1
16	100	43	20	20	0	1
16	5	19	20	20	1	1
16	10	43	20	20	1	1
16	50	43	20	20	0	1
16	1	19	20	20	1	1
16	20	19	20	20	1	1
16	10	19	20	20	1	1
16	50	25	20	20	0	1
16	20	43	20	20	1	1
16	5	25	20	20	1	1
16	1	31	20	20	1	1
16	100	37	20	20	0	1
16	5	43	20	20	1	1
16	1	37	20	20	0	1
16	20	31	20	20	1	1
16	100	25	20	20	0	1
16	50	37	20	20	0	1
16	10	31	20	20	1	1
16	50	19	20	20	0	1
16	100	19	20	20	0	1
16	10	37	20	20	1	1
16	20	25	20	20	1	1
16	5	37	20	20	1	1
16	1	43	20	20	1	1
16	50	25	20	20	0	1
16	5	25	20	20	1	1
16	1	25	20	20	1	1
16	10	31	20	20	0	1
16	100	37	20	20	0	1
16	20	19	20	20	1	1
16	20	43	20	20	1	1
16	5	37	20	20	1	1
16	10	37	20	20	1	1
16	1	43	20	20	1	1
16	100	19	20	20	0	1
16	50	19	20	20	0	1
16	20	37	20	20	1	1
16	100	43	20	20	0	1
16	1	31	20	20	1	1
16	10	19	20	20	1	1
16	50	43	20	20	1	1
16	5	19	20	20	1	1
16	100	25	20	20	0	1
16	20	25	20	20	1	1
16	10	43	20	20	1	1
16	50	37	20	20	0	1
16	1	37	20	20	1	1
16	5	43	20	20	1	1
16	10	25	20	20	1	1
16	5	31	20	20	1	1
16	20	31	20	20	1	1
16	50	31	20	20	0	1
16	1	19	20	20	1	1
16	100	31	20	20	0	1
16	5	31	10	30	1	0
16	20	31	10	30	0	0
16	10	31	10	30	0	0
16	50	37	10	30	1	0
16	1	31	10	30	1	0
16	100	31	10	30	0	0
16	10	19	10	30	0	0
16	100	19	10	30	0	0
16	1	37	10	30	1	0
16	20	37	10	30	0	0
16	50	19	10	30	0	0
16	5	43	10	30	1	0
16	5	25	10	30	1	0
16	20	43	10	30	0	0
16	50	25	10	30	0	0
16	10	25	10	30	0	0
16	100	25	10	30	0	0
16	1	19	10	30	0	0
16	50	43	10	30	0	0
16	100	43	10	30	0	0
16	20	19	10	30	0	0
16	5	19	10	30	0	0
16	1	25	10	30	1	0
16	10	43	10	30	1	0
16	20	25	10	30	0	0
16	100	37	10	30	0	0
16	1	43	10	30	1	0
16	5	37	10	30	1	0
16	50	31	10	30	0	0
16	10	37	10	30	0	0
17	50	31	20	20	0	1
17	20	43	20	20	0	1
17	10	25	20	20	0	1
17	100	25	20	20	0	1
17	5	31	20	20	1	1
17	1	31	20	20	1	1
17	20	19	20	20	1	1
17	100	37	20	20	0	1
17	5	37	20	20	1	1
17	1	37	20	20	1	1
17	10	43	20	20	0	1
17	50	19	20	20	1	1
17	20	31	20	20	0	1
17	100	31	20	20	0	1
17	50	43	20	20	0	1
17	5	25	20	20	1	1
17	10	19	20	20	1	1
17	1	43	20	20	1	1
17	20	25	20	20	1	1
17	5	19	20	20	1	1
17	50	25	20	20	0	1
17	100	43	20	20	0	1
17	10	31	20	20	1	1
17	1	19	20	20	1	1
17	5	43	20	20	1	1
17	1	25	20	20	1	1
17	20	37	20	20	0	1
17	10	37	20	20	1	1
17	50	37	20	20	0	1
17	100	19	20	20	1	1
17	20	25	10	30	1	0
17	100	25	10	30	0	0
17	5	31	10	30	1	0
17	1	31	10	30	1	0
17	10	25	10	30	1	0
17	50	25	10	30	0	0
17	100	43	10	30	0	0
17	5	19	10	30	1	0
17	10	37	10	30	1	0
17	1	25	10	30	1	0
17	50	43	10	30	0	0
17	20	43	10	30	0	0
17	5	43	10	30	1	0
17	50	19	10	30	1	0
17	20	37	10	30	0	0
17	100	31	10	30	0	0
17	1	37	10	30	1	0
17	10	19	10	30	1	0
17	1	19	10	30	1	0
17	50	37	10	30	0	0
17	5	37	10	30	1	0
17	100	19	10	30	1	0
17	20	19	10	30	1	0
17	10	31	10	30	1	0
17	1	43	10	30	1	0
17	50	31	10	30	0	0
17	100	37	10	30	0	0
17	10	43	10	30	1	0
17	20	31	10	30	0	0
17	5	25	10	30	1	0
17	10	19	10	30	1	0
17	20	31	10	30	1	0
17	100	43	10	30	1	0
17	5	31	10	30	1	0
17	1	19	10	30	1	0
17	50	19	10	30	1	0
17	100	25	10	30	1	0
17	10	43	10	30	1	0
17	20	43	10	30	0	0
17	50	43	10	30	0	0
17	5	43	10	30	1	0
17	1	43	10	30	1	0
17	50	31	10	30	1	0
17	5	19	10	30	1	0
17	20	25	10	30	1	0
17	1	37	10	30	1	0
17	10	31	10	30	1	0
17	100	37	10	30	1	0
17	10	25	10	30	1	0
17	20	37	10	30	1	0
17	50	25	10	30	0	0
17	1	25	10	30	1	0
17	100	19	10	30	0	0
17	5	37	10	30	1	0
17	5	25	10	30	1	0
17	20	19	10	30	1	0
17	100	31	10	30	0	0
17	10	37	10	30	1	0
17	1	31	10	30	1	0
17	50	37	10	30	1	0
17	10	19	20	20	1	1
17	100	37	20	20	0	1
17	50	43	20	20	0	1
17	5	37	20	20	1	1
17	1	43	20	20	1	1
17	20	37	20	20	1	1
17	20	31	20	20	1	1
17	100	19	20	20	1	1
17	10	31	20	20	1	1
17	50	25	20	20	0	1
17	5	31	20	20	1	1
17	1	37	20	20	1	1
17	1	25	20	20	1	1
17	20	43	20	20	0	1
17	5	43	20	20	1	1
17	10	25	20	20	1	1
17	100	25	20	20	0	1
17	50	37	20	20	0	1
17	10	37	20	20	1	1
17	20	25	20	20	1	1
17	100	43	20	20	0	1
17	5	19	20	20	1	1
17	50	31	20	20	0	1
17	1	19	20	20	1	1
17	20	19	20	20	1	1
17	5	25	20	20	1	1
17	10	43	20	20	1	1
17	1	31	20	20	1	1
17	50	19	20	20	1	1
17	100	31	20	20	0	1
18	50	31	20	20	0	1
18	10	25	20	20	1	1
18	100	19	20	20	1	1
18	1	43	20	20	0	1
18	5	31	20	20	0	1
18	20	37	20	20	0	1
18	10	37	20	20	0	1
18	1	19	20	20	1	1
18	100	37	20	20	0	1
18	5	43	20	20	0	1
18	50	19	20	20	1	1
18	20	19	20	20	1	1
18	20	31	20	20	1	1
18	50	37	20	20	0	1
18	1	25	20	20	1	1
18	100	25	20	20	0	1
18	5	37	20	20	0	1
18	10	43	20	20	0	1
18	10	19	20	20	1	1
18	5	19	20	20	1	1
18	50	43	20	20	0	1
18	20	43	20	20	0	1
18	100	43	20	20	0	1
18	1	31	20	20	1	1
18	1	37	20	20	1	1
18	10	31	20	20	1	1
18	100	31	20	20	0	1
18	50	25	20	20	0	1
18	20	25	20	20	0	1
18	5	25	20	20	1	1
18	5	19	10	30	0	0
18	1	31	10	30	1	0
18	10	37	10	30	0	0
18	100	43	10	30	0	0
18	20	43	10	30	0	0
18	50	31	10	30	0	0
18	100	25	10	30	0	0
18	50	37	10	30	0	0
18	10	19	10	30	1	0
18	20	25	10	30	0	0
18	5	37	10	30	0	0
18	1	19	10	30	1	0
18	10	25	10	30	1	0
18	20	31	10	30	0	0
18	1	25	10	30	1	0
18	100	31	10	30	0	0
18	5	43	10	30	0	0
18	50	25	10	30	0	0
18	10	43	10	30	0	0
18	50	19	10	30	0	0
18	1	37	10	30	1	0
18	100	37	10	30	0	0
18	5	31	10	30	0	0
18	20	37	10	30	0	0
18	10	31	10	30	0	0
18	100	19	10	30	0	0
18	5	25	10	30	1	0
18	50	43	10	30	0	0
18	20	19	10	30	1	0
18	1	43	10	30	0	0
18	1	43	10	30	0	0
18	100	37	10	30	0	0
18	20	43	10	30	0	0
18	5	25	10	30	1	0
18	10	37	10	30	0	0
18	50	37	10	30	0	0
18	1	31	10	30	1	0
18	50	25	10	30	1	0
18	10	31	10	30	1	0
18	5	19	10	30	1	0
18	20	25	10	30	1	0
18	100	43	10	30	0	0
18	100	25	10	30	0	0
18	20	37	10	30	0	0
18	5	37	10	30	0	0
18	10	19	10	30	1	0
18	50	31	10	30	0	0
18	1	19	10	30	1	0
18	20	19	10	30	1	0
18	5	31	10	30	1	0
18	50	19	10	30	1	0
18	1	25	10	30	1	0
18	10	25	10	30	1	0
18	100	19	10	30	0	0
18	20	31	10	30	0	0
18	50	43	10	30	0	0
18	1	37	10	30	1	0
18	5	43	10	30	0	0
18	10	43	10	30	0	0
18	100	31	10	30	0	0
18	5	19	20	20	1	1
18	50	43	20	20	0	1
18	100	37	20	20	0	1
18	10	43	20	20	0	1
18	1	37	20	20	0	1
18	20	25	20	20	1	1
18	100	25	20	20	0	1
18	50	25	20	20	0	1
18	5	43	20	20	0	1
18	10	37	20	20	1	1
18	20	37	20	20	1	1
18	1	31	20	20	1	1
18	20	31	20	20	1	1
18	1	25	20	20	1	1
18	10	25	20	20	1	1
18	5	31	20	20	0	1
18	50	19	20	20	1	1
18	100	19	20	20	1	1
18	1	19	20	20	1	1
18	10	19	20	20	1	1
18	5	25	20	20	1	1
18	100	43	20	20	0	1
18	20	19	20	20	1	1
18	50	31	20	20	0	1
18	10	31	20	20	1	1
18	100	31	20	20	0	1
18	20	43	20	20	0	1
18	1	43	20	20	0	1
18	5	37	20	20	0	1
18	50	37	20	20	0	1
19	20	31	20	20	0	1
19	100	19	20	20	0	1
19	1	19	20	20	0	1
19	5	19	20	20	1	1
19	10	31	20	20	0	1
19	50	43	20	20	0	1
19	5	37	20	20	0	1
19	50	19	20	20	0	1
19	1	37	20	20	1	1
19	100	25	20	20	0	1
19	20	37	20	20	1	1
19	10	43	20	20	0	1
19	100	37	20	20	0	1
19	5	31	20	20	0	1
19	10	37	20	20	0	1
19	1	31	20	20	1	1
19	20	43	20	20	0	1
19	50	37	20	20	0	1
19	1	43	20	20	1	1
19	50	25	20	20	0	1
19	5	43	20	20	0	1
19	100	43	20	20	0	1
19	20	25	20	20	1	1
19	10	25	20	20	1	1
19	50	31	20	20	0	1
19	10	19	20	20	1	1
19	100	31	20	20	0	1
19	5	25	20	20	1	1
19	1	25	20	20	1	1
19	20	19	20	20	1	1
19	20	31	10	30	0	0
19	50	37	10	30	0	0
19	5	25	10	30	1	0
19	1	19	10	30	1	0
19	100	31	10	30	0	0
19	10	31	10	30	1	0
19	10	37	10	30	0	0
19	1	25	10	30	1	0
19	100	37	10	30	0	0
19	20	19	10	30	1	0
19	50	19	10	30	0	0
19	5	31	10	30	1	0
19	1	37	10	30	0	0
19	100	25	10	30	0	0
19	20	37	10	30	0	0
19	5	37	10	30	0	0
19	50	43	10	30	0	0
19	10	25	10	30	1	0
19	5	19	10	30	1	0
19	50	31	10	30	0	0
19	10	19	10	30	1	0
19	20	43	10	30	0	0
19	100	19	10	30	0	0
19	1	31	10	30	1	0
19	5	43	10	30	0	0
19	1	43	10	30	0	0
19	50	25	10	30	0	0
19	10	43	10	30	0	0
19	20	25	10	30	1	0
19	100	43	10	30	0	0
19	1	43	20	20	0	1
19	50	25	20	20	0	1
19	5	19	20	20	1	1
19	20	19	20	20	1	1
19	100	25	20	20	0	1
19	10	25	20	20	1	1
19	20	37	20	20	0	1
19	50	19	20	20	1	1
19	5	31	20	20	1	1
19	10	43	20	20	0	1
19	100	37	20	20	0	1
19	1	19	20	20	1	1
19	20	31	20	20	1	1
19	50	37	20	20	0	1
19	100	43	20	20	0	1
19	5	37	20	20	0	1
19	1	31	20	20	1	1
19	10	31	20	20	1	1
19	50	43	20	20	0	1
19	5	43	20	20	0	1
19	1	37	20	20	0	1
19	10	37	20	20	0	1
19	100	19	20	20	0	1
19	20	25	20	20	1	1
19	10	19	20	20	1	1
19	50	31	20	20	0	1
19	1	25	20	20	1	1
19	100	31	20	20	0	1
19	5	25	20	20	1	1
19	20	43	20	20	0	1
19	1	43	10	30	0	0
19	10	43	10	30	0	0
19	5	25	10	30	1	0
19	20	31	10	30	1	0
19	50	19	10	30	0	0
19	100	37	10	30	0	0
19	100	19	10	30	0	0
19	1	25	10	30	1	0
19	50	31	10	30	0	0
19	5	19	10	30	1	0
19	10	31	10	30	1	0
19	20	43	10	30	0	0
19	10	37	10	30	0	0
19	1	37	10	30	0	0
19	20	37	10	30	0	0
19	50	43	10	30	0	0
19	100	31	10	30	0	0
19	5	31	10	30	1	0
19	5	37	10	30	0	0
19	50	25	10	30	0	0
19	10	25	10	30	1	0
19	100	43	10	30	0	0
19	1	19	10	30	1	0
19	20	19	10	30	1	0
19	50	37	10	30	0	0
19	10	19	10	30	1	0
19	1	31	10	30	1	0
19	20	25	10	30	1	0
19	5	43	10	30	0	0
19	100	25	10	30	0	0
20	50	25	20	20	0	1
20	1	43	20	20	1	1
20	100	37	20	20	0	1
20	5	31	20	20	1	1
20	10	37	20	20	1	1
20	20	43	20	20	1	1
20	1	31	20	20	1	1
20	100	43	20	20	0	1
20	5	37	20	20	1	1
20	20	31	20	20	1	1
20	50	19	20	20	0	1
20	10	43	20	20	1	1
20	100	19	20	20	0	1
20	5	43	20	20	1	1
20	50	31	20	20	0	1
20	1	19	20	20	0	1
20	20	37	20	20	1	1
20	10	19	20	20	1	1
20	5	25	20	20	1	1
20	50	43	20	20	0	1
20	100	25	20	20	0	1
20	10	31	20	20	0	1
20	1	25	20	20	1	1
20	20	25	20	20	1	1
20	20	19	20	20	0	1
20	100	31	20	20	0	1
20	10	25	20	20	1	1
20	1	37	20	20	1	1
20	50	37	20	20	0	1
20	5	19	20	20	1	1
20	10	19	10	30	1	0
20	50	31	10	30	0	0
20	100	43	10	30	0	0
20	20	19	10	30	1	0
20	5	43	10	30	1	0
20	1	31	10	30	1	0
20	5	37	10	30	1	0
20	100	37	10	30	0	0
20	1	25	10	30	1	0
20	10	31	10	30	1	0
20	50	43	10	30	0	0
20	20	31	10	30	1	0
20	5	31	10	30	1	0
20	50	25	10	30	0	0
20	20	25	10	30	0	0
20	100	25	10	30	0	0
20	10	25	10	30	1	0
20	1	43	10	30	1	0
20	100	31	10	30	0	0
20	20	43	10	30	1	0
20	1	19	10	30	0	0
20	50	19	10	30	0	0
20	5	25	10	30	1	0
20	10	37	10	30	1	0
20	10	43	10	30	1	0
20	1	37	10	30	1	0
20	5	19	10	30	1	0
20	50	37	10	30	0	0
20	100	19	10	30	0	0
20	20	37	10	30	1	0
20	10	37	10	30	1	0
20	5	31	10	30	1	0
20	20	31	10	30	1	0
20	50	43	10	30	0	0
20	1	31	10	30	1	0
20	100	19	10	30	0	0
20	20	37	10	30	1	0
20	5	19	10	30	1	0
20	10	25	10	30	1	0
20	50	19	10	30	0	0
20	1	19	10	30	0	0
20	100	31	10	30	0	0
20	10	19	10	30	1	0
20	1	43	10	30	1	0
20	100	37	10	30	0	0
20	20	25	10	30	1	0
20	50	31	10	30	0	0
20	5	43	10	30	1	0
20	50	25	10	30	0	0
20	20	43	10	30	1	0
20	100	25	10	30	0	0
20	10	43	10	30	1	0
20	5	25	10	30	1	0
20	1	37	10	30	1	0
20	10	31	10	30	1	0
20	100	43	10	30	0	0
20	5	37	10	30	1	0
20	50	37	10	30	0	0
20	20	19	10	30	1	0
20	1	25	10	30	1	0
20	50	37	20	20	0	1
20	10	25	20	20	1	1
20	100	31	20	20	0	1
20	5	37	20	20	1	1
20	1	37	20	20	1	1
20	20	31	20	20	1	1
20	50	19	20	20	0	1
20	100	19	20	20	0	1
20	20	37	20	20	1	1
20	10	37	20	20	1	1
20	5	31	20	20	1	1
20	1	43	20	20	1	1
20	10	19	20	20	1	1
20	100	25	20	20	0	1
20	20	43	20	20	1	1
20	50	25	20	20	0	1
20	5	19	20	20	1	1
20	1	25	20	20	0	1
20	1	19	20	20	1	1
20	10	31	20	20	1	1
20	20	19	20	20	1	1
20	5	43	20	20	1	1
20	100	37	20	20	1	1
20	50	43	20	20	0	1
20	100	43	20	20	0	1
20	10	43	20	20	1	1
20	50	31	20	20	0	1
20	1	31	20	20	1	1
20	20	25	20	20	1	1
20	5	25	20	20	1	1
21	50	43	10	30	0	0
21	5	37	10	30	1	0
21	100	19	10	30	0	0
21	1	25	10	30	1	0
21	10	19	10	30	1	0
21	20	19	10	30	1	0
21	10	31	10	30	1	0
21	5	31	10	30	1	0
21	50	31	10	30	0	0
21	100	43	10	30	1	0
21	20	43	10	30	0	0
21	1	37	10	30	1	0
21	1	31	10	30	1	0
21	100	37	10	30	0	0
21	10	37	10	30	1	0
21	20	37	10	30	1	0
21	50	19	10	30	0	0
21	5	19	10	30	1	0
21	50	25	10	30	0	0
21	5	25	10	30	0	0
21	10	25	10	30	0	0
21	20	25	10	30	0	0
21	1	43	10	30	1	0
21	100	25	10	30	0	0
21	50	37	10	30	1	0
21	10	43	10	30	1	0
21	5	43	10	30	1	0
21	100	31	10	30	0	0
21	1	19	10	30	1	0
21	20	31	10	30	1	0
21	50	37	10	30	1	0
21	1	19	10	30	1	0
21	5	31	10	30	1	0
21	20	25	10	30	1	0
21	10	25	10	30	0	0
21	100	19	10	30	0	0
21	50	31	10	30	0	0
21	10	37	10	30	1	0
21	20	19	10	30	1	0
21	100	37	10	30	1	0
21	1	37	10	30	1	0
21	5	25	10	30	0	0
21	50	19	10	30	1	0
21	5	19	10	30	1	0
21	20	37	10	30	1	0
21	100	31	10	30	0	0
21	1	31	10	30	1	0
21	10	19	10	30	1	0
21	10	43	10	30	1	0
21	1	43	10	30	1	0
21	5	43	10	30	1	0
21	100	25	10	30	0	0
21	50	43	10	30	0	0
21	20	31	10	30	0	0
21	100	43	10	30	0	0
21	20	43	10	30	1	0
21	5	37	10	30	1	0
21	1	25	10	30	1	0
21	10	31	10	30	1	0
21	50	25	10	30	0	0
21	1	43	20	20	1	1
21	100	31	20	20	1	1
21	20	43	20	20	0	1
21	50	25	20	20	0	1
21	5	25	20	20	1	1
21	10	19	20	20	1	1
21	10	25	20	20	0	1
21	50	37	20	20	1	1
21	1	37	20	20	1	1
21	20	37	20	20	0	1
21	5	43	20	20	1	1
21	100	37	20	20	0	1
21	20	19	20	20	1	1
21	1	25	20	20	1	1
21	10	37	20	20	1	1
21	5	31	20	20	1	1
21	100	19	20	20	1	1
21	50	19	20	20	1	1
21	1	31	20	20	0	1
21	100	43	20	20	0	1
21	10	43	20	20	1	1
21	5	37	20	20	1	1
21	50	31	20	20	0	1
21	20	25	20	20	0	1
21	20	31	20	20	0	1
21	1	19	20	20	1	1
21	5	19	20	20	1	1
21	10	31	20	20	1	1
21	50	43	20	20	1	1
21	100	25	20	20	0	1
21	10	31	20	20	1	1
21	100	43	20	20	0	1
21	5	25	20	20	1	1
21	50	43	20	20	0	1
21	20	31	20	20	1	1
21	1	31	20	20	1	1
21	20	43	20	20	1	1
21	1	25	20	20	0	1
21	10	25	20	20	1	1
21	5	37	20	20	1	1
21	100	19	20	20	0	1
21	50	37	20	20	1	1
21	50	19	20	20	1	1
21	1	19	20	20	1	1
21	10	43	20	20	0	1
21	100	37	20	20	1	1
21	20	19	20	20	1	1
21	5	43	20	20	1	1
21	5	19	20	20	1	1
21	20	37	20	20	1	1
21	10	19	20	20	1	1
21	50	25	20	20	1	1
21	1	37	20	20	1	1
21	100	25	20	20	0	1
21	20	25	20	20	1	1
21	100	31	20	20	0	1
21	1	43	20	20	1	1
21	10	37	20	20	1	1
21	50	31	20	20	1	1
21	5	31	20	20	1	1
22	1	25	10	30	1	0
22	20	43	10	30	1	0
22	100	31	10	30	0	0
22	5	37	10	30	1	0
22	50	19	10	30	1	0
22	10	43	10	30	1	0
22	1	19	10	30	1	0
22	100	19	10	30	1	0
22	50	25	10	30	1	0
22	10	31	10	30	1	0
22	5	19	10	30	1	0
22	20	31	10	30	1	0
22	50	31	10	30	0	0
22	20	37	10	30	0	0
22	100	37	10	30	0	0
22	1	31	10	30	1	0
22	10	25	10	30	1	0
22	5	31	10	30	1	0
22	20	19	10	30	1	0
22	50	43	10	30	0	0
22	1	37	10	30	0	0
22	5	43	10	30	0	0
22	100	25	10	30	0	0
22	10	19	10	30	1	0
22	10	37	10	30	0	0
22	5	25	10	30	1	0
22	100	43	10	30	0	0
22	1	43	10	30	0	0
22	50	37	10	30	0	0
22	20	25	10	30	0	0
22	50	25	20	20	1	1
22	5	19	20	20	1	1
22	100	25	20	20	0	1
22	10	37	20	20	0	1
22	1	37	20	20	0	1
22	20	43	20	20	0	1
22	1	31	20	20	1	1
22	10	25	20	20	1	1
22	20	37	20	20	0	1
22	5	25	20	20	1	1
22	100	37	20	20	0	1
22	50	31	20	20	0	1
22	5	43	20	20	0	1
22	10	19	20	20	1	1
22	50	37	20	20	0	1
22	20	31	20	20	0	1
22	100	19	20	20	0	1
22	1	19	20	20	1	1
22	5	37	20	20	0	1
22	1	25	20	20	1	1
22	50	43	20	20	0	1
22	10	43	20	20	0	1
22	20	19	20	20	1	1
22	100	43	20	20	0	1
22	10	31	20	20	0	1
22	5	31	20	20	1	1
22	20	25	20	20	0	1
22	1	43	20	20	0	1
22	100	31	20	20	0	1
22	50	19	20	20	1	1
22	5	19	20	20	1	1
22	1	31	20	20	1	1
22	20	43	20	20	0	1
22	50	43	20	20	0	1
22	10	37	20	20	0	1
22	100	31	20	20	0	1
22	10	43	20	20	0	1
22	5	43	20	20	0	1
22	1	43	20	20	0	1
22	100	25	20	20	0	1
22	50	25	20	20	1	1
22	20	19	20	20	1	1
22	100	37	20	20	0	1
22	10	19	20	20	1	1
22	1	25	20	20	1	1
22	5	37	20	20	0	1
22	20	31	20	20	0	1
22	50	37	20	20	0	1
22	10	31	20	20	1	1
22	100	43	20	20	0	1
22	5	31	20	20	1	1
22	20	37	20	20	0	1
22	1	19	20	20	1	1
22	50	19	20	20	1	1
22	1	37	20	20	0	1
22	100	19	20	20	1	1
22	10	25	20	20	1	1
22	50	31	20	20	0	1
22	20	25	20	20	0	1
22	5	25	20	20	1	1
22	50	19	10	30	1	0
22	5	31	10	30	1	0
22	20	37	10	30	0	0
22	1	43	10	30	0	0
22	10	19	10	30	1	0
22	100	37	10	30	0	0
22	50	43	10	30	0	0
22	20	25	10	30	0	0
22	5	25	10	30	1	0
22	10	31	10	30	1	0
22	1	31	10	30	1	0
22	100	43	10	30	0	0
22	50	31	10	30	0	0
22	1	19	10	30	1	0
22	5	19	10	30	1	0
22	10	43	10	30	0	0
22	100	19	10	30	1	0
22	20	31	10	30	0	0
22	1	25	10	30	1	0
22	10	25	10	30	1	0
22	100	31	10	30	0	0
22	20	43	10	30	0	0
22	50	25	10	30	0	0
22	5	37	10	30	0	0
22	20	19	10	30	1	0
22	5	43	10	30	0	0
22	100	25	10	30	0	0
22	1	37	10	30	1	0
22	50	37	10	30	0	0
22	10	37	10	30	0	0
23	100	31	20	20	0	1
23	50	19	20	20	1	1
23	1	31	20	20	1	1
23	20	25	20	20	1	1
23	5	19	20	20	1	1
23	10	25	20	20	1	1
23	100	37	20	20	0	1
23	50	43	20	20	0	1
23	10	31	20	20	1	1
23	20	37	20	20	1	1
23	5	37	20	20	1	1
23	1	37	20	20	1	1
23	10	37	20	20	1	1
23	20	19	20	20	1	1
23	50	31	20	20	0	1
23	100	25	20	20	0	1
23	1	43	20	20	1	1
23	5	25	20	20	1	1
23	20	43	20	20	0	1
23	10	43	20	20	0	1
23	100	43	20	20	0	1
23	1	25	20	20	1	1
23	5	31	20	20	1	1
23	50	25	20	20	1	1
23	20	31	20	20	1	1
23	50	37	20	20	0	1
23	100	19	20	20	0	1
23	1	19	20	20	1	1
23	5	43	20	20	0	1
23	10	19	20	20	1	1
23	50	37	10	30	0	0
23	1	37	10	30	0	0
23	10	37	10	30	0	0
23	20	37	10	30	0	0
23	5	31	10	30	1	0
23	100	31	10	30	0	0
23	100	19	10	30	0	0
23	50	31	10	30	0	0
23	20	19	10	30	1	0
23	5	19	10	30	1	0
23	1	31	10	30	1	0
23	10	43	10	30	0	0
23	50	25	10	30	0	0
23	5	25	10	30	1	0
23	10	25	10	30	0	0
23	100	25	10	30	0	0
23	20	25	10	30	0	0
23	1	25	10	30	1	0
23	5	43	10	30	0	0
23	20	31	10	30	0	0
23	50	43	10	30	0	0
23	10	19	10	30	1	0
23	1	43	10	30	1	0
23	100	43	10	30	0	0
23	1	19	10	30	1	0
23	5	37	10	30	1	0
23	50	19	10	30	1	0
23	100	37	10	30	0	0
23	20	43	10	30	0	0
23	10	31	10	30	1	0
23	100	43	10	30	0	0
23	5	37	10	30	1	0
23	20	31	10	30	1	0
23	1	31	10	30	1	0
23	50	31	10	30	0	0
23	10	43	10	30	0	0
23	20	25	10	30	1	0
23	50	37	10	30	1	0
23	100	25	10	30	0	0
23	10	25	10	30	1	0
23	5	43	10	30	0	0
23	1	37	10	30	1	0
23	100	31	10	30	0	0
23	10	31	10	30	0	0
23	5	19	10	30	1	0
23	1	25	10	30	1	0
23	20	19	10	30	1	0
23	50	19	10	30	0	0
23	10	19	10	30	1	0
23	50	43	10	30	0	0
23	20	43	10	30	0	0
23	5	31	10	30	1	0
23	100	37	10	30	0	0
23	1	43	10	30	0	0
23	10	37	10	30	1	0
23	5	25	10	30	1	0
23	20	37	10	30	0	0
23	100	19	10	30	1	0
23	1	19	10	30	1	0
23	50	25	10	30	0	0
23	20	31	20	20	1	1
23	100	43	20	20	0	1
23	10	37	20	20	0	1
23	1	43	20	20	1	1
23	5	31	20	20	0	1
23	50	37	20	20	0	1
23	50	25	20	20	1	1
23	100	37	20	20	0	1
23	5	43	20	20	0	1
23	1	19	20	20	1	1
23	10	25	20	20	1	1
23	20	37	20	20	0	1
23	50	31	20	20	0	1
23	1	37	20	20	1	1
23	5	19	20	20	1	1
23	100	19	20	20	1	1
23	20	19	20	20	1	1
23	10	19	20	20	1	1
23	5	25	20	20	1	1
23	1	31	20	20	1	1
23	20	43	20	20	0	1
23	100	25	20	20	0	1
23	10	43	20	20	0	1
23	50	19	20	20	1	1
23	5	37	20	20	1	1
23	50	43	20	20	0	1
23	10	31	20	20	1	1
23	20	25	20	20	1	1
23	100	31	20	20	1	1
23	1	25	20	20	1	1
24	100	31	20	20	1	1
24	1	37	20	20	1	1
24	5	19	20	20	1	1
24	10	19	20	20	1	1
24	50	25	20	20	0	1
24	20	43	20	20	0	1
24	1	31	20	20	1	1
24	20	19	20	20	1	1
24	50	19	20	20	0	1
24	100	19	20	20	0	1
24	10	37	20	20	0	1
24	5	25	20	20	1	1
24	5	43	20	20	0	1
24	10	25	20	20	0	1
24	1	43	20	20	0	1
24	20	31	20	20	0	1
24	50	31	20	20	0	1
24	100	25	20	20	0	1
24	10	43	20	20	0	1
24	50	37	20	20	0	1
24	5	31	20	20	0	1
24	1	25	20	20	1	1
24	20	25	20	20	1	1
24	100	37	20	20	0	1
24	100	43	20	20	0	1
24	1	19	20	20	1	1
24	50	43	20	20	0	1
24	10	31	20	20	0	1
24	5	37	20	20	0	1
24	20	37	20	20	0	1
24	50	43	10	30	0	0
24	1	31	10	30	1	0
24	5	19	10	30	1	0
24	20	25	10	30	1	0
24	10	19	10	30	1	0
24	100	37	10	30	0	0
24	1	37	10	30	1	0
24	20	43	10	30	0	0
24	5	37	10	30	1	0
24	50	31	10	30	1	0
24	100	19	10	30	1	0
24	10	31	10	30	1	0
24	20	31	10	30	1	0
24	5	43	10	30	0	0
24	50	37	10	30	0	0
24	100	25	10	30	1	0
24	10	37	10	30	1	0
24	1	19	10	30	1	0
24	20	37	10	30	1	0
24	10	43	10	30	0	0
24	5	31	10	30	1	0
24	1	25	10	30	1	0
24	100	31	10	30	1	0
24	50	25	10	30	1	0
24	10	25	10	30	1	0
24	50	19	10	30	1	0
24	1	43	10	30	0	0
24	20	19	10	30	1	0
24	100	43	10	30	0	0
24	5	25	10	30	1	0
24	20	37	10	30	0	0
24	5	43	10	30	0	0
24	1	37	10	30	0	0
24	100	25	10	30	0	0
24	10	31	10	30	0	0
24	50	43	10	30	0	0
24	20	43	10	30	0	0
24	100	31	10	30	0	0
24	5	19	10	30	1	0
24	50	25	10	30	0	0
24	1	25	10	30	1	0
24	10	25	10	30	0	0
24	1	31	10	30	0	0
24	100	19	10	30	0	0
24	5	37	10	30	0	0
24	20	25	10	30	0	0
24	10	37	10	30	0	0
24	50	37	10	30	0	0
24	1	43	10	30	0	0
24	10	19	10	30	1	0
24	50	31	10	30	0	0
24	100	43	10	30	0	0
24	5	25	10	30	1	0
24	20	31	10	30	0	0
24	20	19	10	30	1	0
24	1	19	10	30	1	0
24	50	19	10	30	0	0
24	10	43	10	30	0	0
24	100	37	10	30	0	0
24	5	31	10	30	0	0
24	10	25	20	20	1	1
24	100	31	20	20	0	1
24	1	43	20	20	0	1
24	20	37	20	20	0	1
24	50	43	20	20	0	1
24	5	37	20	20	0	1
24	20	43	20	20	0	1
24	5	43	20	20	0	1
24	1	31	20	20	1	1
24	10	31	20	20	0	1
24	50	25	20	20	0	1
24	100	19	20	20	1	1
24	1	37	20	20	0	1
24	50	37	20	20	0	1
24	10	37	20	20	0	1
24	100	43	20	20	0	1
24	5	31	20	20	0	1
24	20	19	20	20	1	1
24	5	25	20	20	1	1
24	10	19	20	20	1	1
24	20	31	20	20	0	1
24	1	25	20	20	1	1
24	50	19	20	20	1	1
24	100	25	20	20	0	1
24	1	19	20	20	1	1
24	50	31	20	20	0	1
24	5	19	20	20	1	1
24	20	25	20	20	1	1
24	100	37	20	20	0	1
24	10	43	20	20	0	1
25	5	31	20	20	1	1
25	100	43	20	20	0	1
25	20	37	20	20	0	1
25	50	25	20	20	0	1
25	10	37	20	20	1	1
25	1	19	20	20	1	1
25	5	19	20	20	1	1
25	10	25	20	20	0	1
25	50	37	20	20	0	1
25	1	25	20	20	1	1
25	100	31	20	20	0	1
25	20	25	20	20	1	1
25	1	37	20	20	1	1
25	50	19	20	20	1	1
25	20	19	20	20	1	1
25	100	19	20	20	1	1
25	5	37	20	20	1	1
25	10	31	20	20	0	1
25	5	43	20	20	1	1
25	50	43	20	20	0	1
25	20	31	20	20	0	1
25	100	25	20	20	1	1
25	1	43	20	20	1	1
25	10	19	20	20	1	1
25	10	43	20	20	0	1
25	50	31	20	20	0	1
25	5	25	20	20	0	1
25	100	37	20	20	0	1
25	1	31	20	20	1	1
25	20	43	20	20	0	1
25	20	43	10	30	0	0
25	5	31	10	30	1	0
25	100	37	10	30	0	0
25	10	43	10	30	0	0
25	1	31	10	30	1	0
25	50	43	10	30	0	0
25	5	37	10	30	1	0
25	100	43	10	30	0	0
25	1	19	10	30	1	0
25	50	37	10	30	0	0
25	10	19	10	30	0	0
25	20	25	10	30	1	0
25	20	37	10	30	0	0
25	5	43	10	30	1	0
25	50	31	10	30	0	0
25	1	25	10	30	1	0
25	100	31	10	30	1	0
25	10	37	10	30	0	0
25	20	19	10	30	0	0
25	100	25	10	30	1	0
25	5	25	10	30	1	0
25	50	19	10	30	0	0
25	10	31	10	30	1	0
25	1	43	10	30	1	0
25	10	25	10	30	1	0
25	1	37	10	30	1	0
25	20	31	10	30	0	0
25	100	19	10	30	1	0
25	50	25	10	30	0	0
25	5	19	10	30	0	0
25	50	43	20	20	0	1
25	20	19	20	20	1	1
25	1	19	20	20	1	1
25	100	43	20	20	0	1
25	10	31	20	20	1	1
25	5	31	20	20	1	1
25	5	37	20	20	1	1
25	10	19	20	20	0	1
25	100	31	20	20	1	1
25	50	19	20	20	1	1
25	20	25	20	20	0	1
25	1	25	20	20	1	1
25	5	25	20	20	1	1
25	10	25	20	20	0	1
25	20	31	20	20	0	1
25	1	43	20	20	1	1
25	50	31	20	20	0	1
25	100	25	20	20	1	1
25	20	37	20	20	0	1
25	50	37	20	20	0	1
25	5	43	20	20	1	1
25	100	37	20	20	0	1
25	1	31	20	20	1	1
25	10	43	20	20	0	1
25	5	19	20	20	0	1
25	10	37	20	20	0	1
25	1	37	20	20	1	1
25	100	19	20	20	1	1
25	20	43	20	20	1	1
25	50	25	20	20	0	1
25	10	43	10	30	0	0
25	20	31	10	30	0	0
25	50	43	10	30	0	0
25	100	37	10	30	0	0
25	5	43	10	30	1	0
25	1	37	10	30	1	0
25	20	43	10	30	0	0
25	50	31	10	30	0	0
25	100	25	10	30	1	0
25	5	25	10	30	1	0
25	10	31	10	30	0	0
25	1	31	10	30	1	0
25	50	37	10	30	0	0
25	1	19	10	30	1	0
25	5	31	10	30	1	0
25	10	25	10	30	1	0
25	100	19	10	30	1	0
25	20	25	10	30	1	0
25	10	37	10	30	0	0
25	100	43	10	30	0	0
25	50	19	10	30	1	0
25	5	19	10	30	0	0
25	20	19	10	30	1	0
25	1	25	10	30	1	0
25	5	37	10	30	1	0
25	50	25	10	30	1	0
25	10	19	10	30	1	0
25	20	37	10	30	0	0
25	100	31	10	30	1	0
25	1	43	10	30	1	0
26	1	19	20	20	1	1
26	10	31	20	20	0	1
26	5	31	20	20	0	1
26	20	31	20	20	0	1
26	50	37	20	20	0	1
26	100	31	20	20	0	1
26	5	37	20	20	0	1
26	50	25	20	20	0	1
26	20	25	20	20	0	1
26	10	43	20	20	0	1
26	100	19	20	20	0	1
26	1	25	20	20	0	1
26	10	25	20	20	0	1
26	100	25	20	20	0	1
26	50	43	20	20	0	1
26	5	25	20	20	0	1
26	20	37	20	20	0	1
26	1	43	20	20	0	1
26	20	43	20	20	0	1
26	100	37	20	20	0	1
26	50	19	20	20	0	1
26	10	37	20	20	0	1
26	5	19	20	20	1	1
26	1	37	20	20	0	1
26	10	19	20	20	1	1
26	5	43	20	20	0	1
26	20	19	20	20	0	1
26	100	43	20	20	0	1
26	50	31	20	20	0	1
26	1	31	20	20	1	1
26	10	25	10	30	0	0
26	100	19	10	30	0	0
26	20	19	10	30	0	0
26	1	19	10	30	1	0
26	5	37	10	30	0	0
26	50	37	10	30	0	0
26	50	19	10	30	0	0
26	10	43	10	30	0	0
26	20	43	10	30	0	0
26	5	25	10	30	0	0
26	100	37	10	30	0	0
26	1	37	10	30	1	0
26	10	37	10	30	0	0
26	50	25	10	30	0	0
26	5	31	10	30	0	0
26	100	43	10	30	0	0
26	20	31	10	30	0	0
26	1	31	10	30	1	0
26	1	43	10	30	0	0
26	5	43	10	30	0	0
26	50	43	10	30	0	0
26	10	31	10	30	1	0
26	100	31	10	30	0	0
26	20	37	10	30	0	0
26	20	25	10	30	1	0
26	1	25	10	30	1	0
26	10	19	10	30	1	0
26	100	25	10	30	0	0
26	50	31	10	30	0	0
26	5	19	10	30	0	0
26	10	31	20	20	1	1
26	50	19	20	20	0	1
26	20	25	20	20	1	1
26	100	31	20	20	0	1
26	1	19	20	20	1	1
26	5	31	20	20	1	1
26	10	25	20	20	1	1
26	50	43	20	20	0	1
26	20	37	20	20	1	1
26	5	37	20	20	1	1
26	1	25	20	20	1	1
26	100	19	20	20	0	1
26	50	31	20	20	0	1
26	1	43	20	20	0	1
26	5	19	20	20	1	1
26	100	37	20	20	0	1
26	10	37	20	20	1	1
26	20	31	20	20	0	1
26	20	43	20	20	0	1
26	10	19	20	20	1	1
26	5	43	20	20	0	1
26	100	43	20	20	0	1
26	1	31	20	20	1	1
26	50	37	20	20	0	1
26	100	25	20	20	0	1
26	5	25	20	20	1	1
26	10	43	20	20	0	1
26	20	19	20	20	1	1
26	50	25	20	20	0	1
26	1	37	20	20	0	1
26	50	31	10	30	0	0
26	10	43	10	30	0	0
26	5	19	10	30	1	0
26	100	37	10	30	0	0
26	20	37	10	30	0	0
26	1	43	10	30	0	0
26	100	43	10	30	0	0
26	5	31	10	30	0	0
26	20	19	10	30	1	0
26	10	25	10	30	0	0
26	50	37	10	30	0	0
26	1	37	10	30	0	0
26	20	43	10	30	0	0
26	10	31	10	30	0	0
26	50	43	10	30	0	0
26	5	43	10	30	0	0
26	100	25	10	30	0	0
26	1	25	10	30	1	0
26	10	19	10	30	1	0
26	100	31	10	30	0	0
26	50	19	10	30	0	0
26	20	25	10	30	1	0
26	5	37	10	30	0	0
26	1	31	10	30	0	0
26	50	25	10	30	0	0
26	100	19	10	30	0	0
26	1	19	10	30	1	0
26	5	25	10	30	0	0
26	20	31	10	30	0	0
26	10	37	10	30	0	0
27	100	43	20	20	0	1
27	50	31	20	20	0	1
27	5	25	20	20	1	1
27	10	37	20	20	0	1
27	20	43	20	20	0	1
27	1	31	20	20	0	1
27	10	19	20	20	1	1
27	100	31	20	20	0	1
27	50	37	20	20	0	1
27	5	19	20	20	1	1
27	20	19	20	20	1	1
27	1	19	20	20	1	1
27	100	19	20	20	1	1
27	5	43	20	20	0	1
27	10	43	20	20	0	1
27	1	25	20	20	1	1
27	20	25	20	20	0	1
27	50	19	20	20	1	1
27	10	25	20	20	1	1
27	100	25	20	20	0	1
27	20	37	20	20	0	1
27	50	25	20	20	0	1
27	1	37	20	20	0	1
27	5	37	20	20	0	1
27	20	31	20	20	0	1
27	1	43	20	20	0	1
27	10	31	20	20	0	1
27	5	31	20	20	0	1
27	50	43	20	20	0	1
27	100	37	20	20	0	1
27	50	19	20	20	1	1
27	10	43	20	20	0	1
27	5	43	20	20	0	1
27	20	43	20	20	0	1
27	1	25	20	20	1	1
27	100	43	20	20	0	1
27	100	31	20	20	0	1
27	10	37	20	20	0	1
27	5	37	20	20	0	1
27	1	31	20	20	0	1
27	50	37	20	20	0	1
27	20	19	20	20	1	1
27	5	31	20	20	0	1
27	100	19	20	20	1	1
27	10	31	20	20	0	1
27	20	31	20	20	0	1
27	50	43	20	20	0	1
27	1	19	20	20	1	1
27	5	19	20	20	1	1
27	1	37	20	20	0	1
27	20	37	20	20	0	1
27	10	19	20	20	1	1
27	50	25	20	20	0	1
27	100	25	20	20	0	1
27	50	31	20	20	0	1
27	1	43	20	20	0	1
27	20	25	20	20	0	1
27	5	25	20	20	1	1
27	10	25	20	20	1	1
27	100	37	20	20	0	1
27	10	25	10	30	0	0
27	1	31	10	30	0	0
27	5	31	10	30	0	0
27	100	19	10	30	0	0
27	20	19	10	30	0	0
27	50	43	10	30	0	0
27	50	19	10	30	0	0
27	5	43	10	30	0	0
27	1	43	10	30	0	0
27	10	31	10	30	0	0
27	100	37	10	30	0	0
27	20	43	10	30	0	0
27	20	31	10	30	0	0
27	1	19	10	30	1	0
27	10	37	10	30	0	0
27	100	43	10	30	0	0
27	50	37	10	30	0	0
27	5	25	10	30	0	0
27	1	25	10	30	0	0
27	20	37	10	30	0	0
27	50	31	10	30	0	0
27	100	31	10	30	0	0
27	5	37	10	30	0	0
27	10	19	10	30	0	0
27	10	43	10	30	1	0
27	5	19	10	30	0	0
27	50	25	10	30	0	0
27	1	37	10	30	0	0
27	100	25	10	30	0	0
27	20	25	10	30	0	0
27	20	19	10	30	0	0
27	1	25	10	30	1	0
27	100	31	10	30	0	0
27	10	25	10	30	0	0
27	5	43	10	30	0	0
27	50	31	10	30	0	0
27	100	37	10	30	0	0
27	10	31	10	30	0	0
27	20	25	10	30	0	0
27	50	25	10	30	0	0
27	1	43	10	30	0	0
27	5	37	10	30	0	0
27	5	25	10	30	0	0
27	100	43	10	30	0	0
27	20	37	10	30	0	0
27	1	37	10	30	0	0
27	50	37	10	30	0	0
27	10	43	10	30	0	0
27	5	31	10	30	0	0
27	50	43	10	30	0	0
27	20	43	10	30	0	0
27	10	19	10	30	0	0
27	100	25	10	30	0	0
27	1	31	10	30	0	0
27	1	19	10	30	1	0
27	5	19	10	30	0	0
27	10	37	10	30	0	0
27	100	19	10	30	0	0
27	20	31	10	30	0	0
27	50	19	10	30	0	0
28	20	19	20	20	1	1
28	10	25	20	20	1	1
28	5	31	20	20	1	1
28	100	19	20	20	1	1
28	1	19	20	20	1	1
28	50	25	20	20	0	1
28	20	43	20	20	0	1
28	1	37	20	20	1	1
28	10	19	20	20	1	1
28	100	25	20	20	0	1
28	5	25	20	20	1	1
28	50	19	20	20	1	1
28	1	31	20	20	1	1
28	5	37	20	20	0	1
28	10	43	20	20	0	1
28	20	37	20	20	0	1
28	100	37	20	20	0	1
28	50	43	20	20	0	1
28	100	31	20	20	0	1
28	10	31	20	20	1	1
28	5	43	20	20	1	1
28	50	37	20	20	0	1
28	1	43	20	20	0	1
28	20	25	20	20	0	1
28	20	31	20	20	0	1
28	100	43	20	20	0	1
28	10	37	20	20	0	1
28	50	31	20	20	0	1
28	5	19	20	20	1	1
28	1	25	20	20	1	1
28	20	43	20	20	0	1
28	100	43	20	20	0	1
28	1	19	20	20	1	1
28	50	43	20	20	0	1
28	10	37	20	20	1	1
28	5	43	20	20	0	1
28	100	31	20	20	0	1
28	1	31	20	20	1	1
28	5	37	20	20	1	1
28	50	25	20	20	0	1
28	10	25	20	20	1	1
28	20	25	20	20	0	1
28	20	37	20	20	0	1
28	10	43	20	20	0	1
28	100	19	20	20	1	1
28	5	25	20	20	1	1
28	1	43	20	20	0	1
28	50	31	20	20	0	1
28	50	19	20	20	1	1
28	20	19	20	20	1	1
28	5	19	20	20	1	1
28	10	31	20	20	1	1
28	100	25	20	20	0	1
28	1	25	20	20	1	1
28	1	37	20	20	1	1
28	100	37	20	20	0	1
28	10	19	20	20	1	1
28	5	31	20	20	1	1
28	50	37	20	20	0	1
28	20	31	20	20	0	1
28	20	25	10	30	0	0
28	50	19	10	30	0	0
28	1	43	10	30	0	0
28	5	37	10	30	0	0
28	10	31	10	30	0	0
28	100	43	10	30	0	0
28	5	43	10	30	0	0
28	50	31	10	30	0	0
28	100	25	10	30	0	0
28	20	31	10	30	0	0
28	1	25	10	30	1	0
28	10	19	10	30	1	0
28	20	37	10	30	0	0
28	1	37	10	30	1	0
28	10	43	10	30	0	0
28	100	37	10	30	0	0
28	50	43	10	30	0	0
28	5	31	10	30	0	0
28	20	43	10	30	0	0
28	1	31	10	30	1	0
28	5	19	10	30	1	0
28	10	25	10	30	0	0
28	50	37	10	30	0	0
28	100	19	10	30	0	0
28	50	25	10	30	0	0
28	5	25	10	30	0	0
28	1	19	10	30	1	0
28	20	19	10	30	0	0
28	100	31	10	30	0	0
28	10	37	10	30	0	0
28	100	19	10	30	0	0
28	50	25	10	30	0	0
28	1	25	10	30	1	0
28	5	37	10	30	0	0
28	20	43	10	30	0	0
28	10	37	10	30	0	0
28	100	31	10	30	0	0
28	20	19	10	30	0	0
28	1	37	10	30	1	0
28	50	19	10	30	0	0
28	5	43	10	30	0	0
28	10	31	10	30	0	0
28	5	31	10	30	0	0
28	100	25	10	30	0	0
28	10	19	10	30	1	0
28	20	37	10	30	0	0
28	1	43	10	30	0	0
28	50	37	10	30	0	0
28	1	31	10	30	1	0
28	20	25	10	30	0	0
28	5	19	10	30	1	0
28	50	31	10	30	0	0
28	100	43	10	30	0	0
28	10	25	10	30	1	0
28	10	43	10	30	0	0
28	50	43	10	30	0	0
28	5	25	10	30	0	0
28	1	19	10	30	1	0
28	100	37	10	30	0	0
28	20	31	10	30	0	0
29	10	43	20	20	0	1
29	1	43	20	20	0	1
29	50	37	20	20	0	1
29	5	25	20	20	1	1
29	20	25	20	20	1	1
29	100	31	20	20	1	1
29	20	43	20	20	0	1
29	1	37	20	20	0	1
29	100	25	20	20	1	1
29	50	31	20	20	0	1
29	5	37	20	20	1	1
29	10	25	20	20	1	1
29	50	43	20	20	0	1
29	100	37	20	20	0	1
29	20	31	20	20	1	1
29	5	19	20	20	1	1
29	10	37	20	20	0	1
29	1	19	20	20	1	1
29	20	37	20	20	1	1
29	10	19	20	20	1	1
29	1	25	20	20	0	1
29	5	31	20	20	1	1
29	50	25	20	20	1	1
29	100	19	20	20	1	1
29	5	43	20	20	0	1
29	50	19	20	20	1	1
29	1	31	20	20	1	1
29	10	31	20	20	1	1
29	100	43	20	20	0	1
29	20	19	20	20	1	1
29	1	31	10	30	1	0
29	5	31	10	30	1	0
29	50	19	10	30	1	0
29	100	31	10	30	1	0
29	20	43	10	30	1	0
29	10	25	10	30	0	0
29	50	43	10	30	0	0
29	20	31	10	30	0	0
29	10	43	10	30	0	0
29	5	19	10	30	1	0
29	1	19	10	30	1	0
29	100	43	10	30	0	0
29	50	37	10	30	0	0
29	10	31	10	30	0	0
29	1	25	10	30	1	0
29	20	37	10	30	0	0
29	100	25	10	30	0	0
29	5	43	10	30	0	0
29	50	31	10	30	0	0
29	100	19	10	30	1	0
29	20	19	10	30	1	0
29	5	37	10	30	0	0
29	1	37	10	30	0	0
29	10	37	10	30	0	0
29	50	25	10	30	0	0
29	100	37	10	30	0	0
29	20	25	10	30	1	0
29	1	43	10	30	0	0
29	10	19	10	30	1	0
29	5	25	10	30	1	0
29	5	19	20	20	1	1
29	20	37	20	20	0	1
29	50	19	20	20	1	1
29	1	37	20	20	1	1
29	100	19	20	20	1	1
29	10	43	20	20	0	1
29	1	43	20	20	0	1
29	100	43	20	20	0	1
29	10	37	20	20	1	1
29	50	37	20	20	1	1
29	20	31	20	20	1	1
29	5	25	20	20	1	1
29	100	31	20	20	1	1
29	10	25	20	20	1	1
29	5	37	20	20	1	1
29	50	43	20	20	0	1
29	1	19	20	20	1	1
29	20	19	20	20	1	1
29	1	31	20	20	1	1
29	100	37	20	20	0	1
29	50	31	20	20	0	1
29	5	43	20	20	0	1
29	20	25	20	20	1	1
29	10	31	20	20	1	1
29	5	31	20	20	1	1
29	50	25	20	20	1	1
29	1	25	20	20	1	1
29	10	19	20	20	1	1
29	100	25	20	20	1	1
29	20	43	20	20	0	1
29	1	37	10	30	0	0
29	100	25	10	30	0	0
29	50	31	10	30	0	0
29	10	43	10	30	0	0
29	5	37	10	30	0	0
29	20	19	10	30	1	0
29	5	19	10	30	1	0
29	1	43	10	30	0	0
29	100	43	10	30	0	0
29	20	31	10	30	0	0
29	10	25	10	30	1	0
29	50	19	10	30	1	0
29	100	37	10	30	0	0
29	1	19	10	30	1	0
29	50	25	10	30	0	0
29	5	31	10	30	0	0
29	10	19	10	30	1	0
29	20	37	10	30	0	0
29	50	37	10	30	0	0
29	20	25	10	30	1	0
29	100	31	10	30	0	0
29	5	43	10	30	0	0
29	10	37	10	30	0	0
29	1	31	10	30	1	0
29	10	31	10	30	1	0
29	100	19	10	30	1	0
29	5	25	10	30	1	0
29	50	43	10	30	0	0
29	1	25	10	30	1	0
29	20	43	10	30	0	0
30	50	43	10	30	0	0
30	5	25	10	30	1	0
30	10	19	10	30	1	0
30	100	19	10	30	1	0
30	20	19	10	30	1	0
30	1	25	10	30	1	0
30	20	43	10	30	0	0
30	50	31	10	30	1	0
30	100	43	10	30	0	0
30	1	31	10	30	1	0
30	10	25	10	30	1	0
30	5	19	10	30	1	0
30	10	43	10	30	1	0
30	20	37	10	30	0	0
30	100	25	10	30	1	0
30	5	31	10	30	1	0
30	50	37	10	30	0	0
30	1	19	10	30	1	0
30	5	37	10	30	1	0
30	10	31	10	30	1	0
30	50	25	10	30	1	0
30	20	31	10	30	1	0
30	1	43	10	30	0	0
30	100	37	10	30	0	0
30	1	37	10	30	1	0
30	100	31	10	30	1	0
30	5	43	10	30	0	0
30	10	37	10	30	1	0
30	50	19	10	30	1	0
30	20	25	10	30	1	0
30	20	31	10	30	1	0
30	10	37	10	30	1	0
30	5	31	10	30	1	0
30	1	19	10	30	1	0
30	50	43	10	30	0	0
30	100	37	10	30	0	0
30	5	37	10	30	1	0
30	50	31	10	30	1	0
30	10	25	10	30	1	0
30	1	37	10	30	1	0
30	20	25	10	30	1	0
30	100	19	10	30	1	0
30	20	37	10	30	1	0
30	10	19	10	30	1	0
30	1	43	10	30	0	0
30	50	25	10	30	1	0
30	5	25	10	30	1	0
30	100	31	10	30	1	0
30	20	43	10	30	0	0
30	5	19	10	30	1	0
30	1	25	10	30	1	0
30	100	25	10	30	1	0
30	50	37	10	30	0	0
30	10	31	10	30	1	0
30	1	31	10	30	1	0
30	20	19	10	30	1	0
30	10	43	10	30	0	0
30	100	43	10	30	0	0
30	5	43	10	30	0	0
30	50	19	10	30	1	0
30	100	31	20	20	0	1
30	50	43	20	20	0	1
30	5	37	20	20	1	1
30	10	31	20	20	1	1
30	20	25	20	20	1	1
30	1	19	20	20	1	1
30	100	25	20	20	1	1
30	50	37	20	20	0	1
30	20	31	20	20	1	1
30	5	19	20	20	1	1
30	1	43	20	20	0	1
30	10	43	20	20	0	1
30	5	43	20	20	0	1
30	100	43	20	20	0	1
30	10	25	20	20	1	1
30	20	43	20	20	0	1
30	1	37	20	20	1	1
30	50	25	20	20	0	1
30	10	37	20	20	1	1
30	20	37	20	20	1	1
30	100	19	20	20	1	1
30	5	31	20	20	1	1
30	50	31	20	20	0	1
30	1	31	20	20	1	1
30	1	25	20	20	1	1
30	20	19	20	20	1	1
30	50	19	20	20	1	1
30	5	25	20	20	1	1
30	10	19	20	20	1	1
30	100	37	20	20	0	1
30	50	37	20	20	0	1
30	100	37	20	20	0	1
30	10	25	20	20	1	1
30	1	19	20	20	1	1
30	5	37	20	20	1	1
30	20	25	20	20	1	1
30	100	25	20	20	1	1
30	10	43	20	20	0	1
30	1	37	20	20	1	1
30	5	43	20	20	0	1
30	20	43	20	20	0	1
30	50	31	20	20	0	1
30	1	43	20	20	0	1
30	5	25	20	20	1	1
30	50	25	20	20	1	1
30	20	19	20	20	1	1
30	10	37	20	20	1	1
30	100	31	20	20	0	1
30	1	31	20	20	1	1
30	20	31	20	20	1	1
30	100	43	20	20	0	1
30	50	43	20	20	0	1
30	10	31	20	20	1	1
30	5	31	20	20	1	1
30	20	37	20	20	1	1
30	5	19	20	20	1	1
30	10	19	20	20	1	1
30	50	19	20	20	1	1
30	100	19	20	20	1	1
30	1	25	20	20	1	1
31	1	31	10	30	0	0
31	10	37	10	30	0	0
31	50	43	10	30	0	0
31	100	37	10	30	0	0
31	5	37	10	30	1	0
31	20	19	10	30	1	0
31	50	19	10	30	0	0
31	10	31	10	30	0	0
31	20	25	10	30	0	0
31	1	25	10	30	1	0
31	100	43	10	30	0	0
31	5	43	10	30	0	0
31	1	19	10	30	1	0
31	100	19	10	30	0	0
31	5	25	10	30	1	0
31	50	25	10	30	0	0
31	20	37	10	30	0	0
31	10	43	10	30	0	0
31	5	19	10	30	1	0
31	10	25	10	30	0	0
31	1	37	10	30	0	0
31	20	43	10	30	0	0
31	100	25	10	30	0	0
31	50	37	10	30	0	0
31	10	19	10	30	1	0
31	1	43	10	30	0	0
31	20	31	10	30	1	0
31	5	31	10	30	0	0
31	50	31	10	30	0	0
31	100	31	10	30	0	0
31	100	43	20	20	0	1
31	1	37	20	20	0	1
31	50	37	20	20	0	1
31	10	25	20	20	0	1
31	5	43	20	20	0	1
31	20	43	20	20	0	1
31	1	19	20	20	0	1
31	50	43	20	20	0	1
31	10	19	20	20	0	1
31	5	37	20	20	0	1
31	20	37	20	20	0	1
31	100	31	20	20	0	1
31	10	37	20	20	0	1
31	1	25	20	20	0	1
31	100	25	20	20	0	1
31	20	31	20	20	0	1
31	5	19	20	20	0	1
31	50	25	20	20	0	1
31	10	31	20	20	0	1
31	50	19	20	20	0	1
31	1	31	20	20	0	1
31	5	25	20	20	0	1
31	20	25	20	20	0	1
31	100	37	20	20	0	1
31	5	31	20	20	0	1
31	1	43	20	20	0	1
31	10	43	20	20	0	1
31	50	31	20	20	0	1
31	20	19	20	20	0	1
31	100	19	20	20	0	1
31	1	25	10	30	0	0
31	50	19	10	30	1	0
31	5	19	10	30	0	0
31	20	43	10	30	0	0
31	100	25	10	30	0	0
31	10	43	10	30	0	0
31	50	43	10	30	1	0
31	1	37	10	30	0	0
31	5	43	10	30	0	0
31	20	37	10	30	1	0
31	100	43	10	30	0	0
31	10	31	10	30	1	0
31	5	25	10	30	0	0
31	20	25	10	30	0	0
31	100	37	10	30	0	0
31	1	43	10	30	0	0
31	10	19	10	30	0	0
31	50	25	10	30	0	0
31	100	31	10	30	0	0
31	1	19	10	30	1	0
31	10	37	10	30	0	0
31	5	31	10	30	0	0
31	20	31	10	30	0	0
31	50	37	10	30	0	0
31	10	25	10	30	0	0
31	20	19	10	30	0	0
31	50	31	10	30	0	0
31	100	19	10	30	0	0
31	5	37	10	30	1	0
31	1	31	10	30	0	0
31	10	25	20	20	1	1
31	1	25	20	20	0	1
31	100	31	20	20	0	1
31	5	37	20	20	0	1
31	20	25	20	20	0	1
31	50	37	20	20	0	1
31	5	43	20	20	0	1
31	10	43	20	20	0	1
31	100	25	20	20	0	1
31	20	37	20	20	0	1
31	50	43	20	20	0	1
31	1	31	20	20	1	1
31	1	43	20	20	0	1
31	20	31	20	20	0	1
31	10	19	20	20	0	1
31	50	31	20	20	0	1
31	100	43	20	20	0	1
31	5	25	20	20	0	1
31	50	19	20	20	0	1
31	20	43	20	20	0	1
31	10	37	20	20	0	1
31	1	37	20	20	0	1
31	100	37	20	20	0	1
31	5	31	20	20	0	1
31	20	19	20	20	0	1
31	10	31	20	20	1	1
31	50	25	20	20	0	1
31	5	19	20	20	0	1
31	1	19	20	20	0	1
31	100	19	20	20	0	1
32	100	37	20	20	1	1
32	10	31	20	20	1	1
32	1	37	20	20	0	1
32	5	37	20	20	1	1
32	50	19	20	20	0	1
32	20	31	20	20	1	1
32	50	37	20	20	1	1
32	20	25	20	20	1	1
32	1	25	20	20	0	1
32	100	19	20	20	1	1
32	5	25	20	20	0	1
32	10	37	20	20	1	1
32	10	43	20	20	1	1
32	5	19	20	20	1	1
32	20	19	20	20	0	1
32	1	43	20	20	1	1
32	100	25	20	20	1	1
32	50	43	20	20	0	1
32	5	43	20	20	0	1
32	20	43	20	20	0	1
32	100	31	20	20	1	1
32	50	31	20	20	0	1
32	10	19	20	20	0	1
32	1	19	20	20	1	1
32	5	31	20	20	0	1
32	10	25	20	20	1	1
32	20	37	20	20	0	1
32	100	43	20	20	0	1
32	1	31	20	20	0	1
32	50	25	20	20	0	1
32	5	43	10	30	0	0
32	100	43	10	30	0	0
32	20	31	10	30	0	0
32	10	43	10	30	0	0
32	50	19	10	30	1	0
32	1	25	10	30	1	0
32	1	37	10	30	0	0
32	5	37	10	30	1	0
32	10	37	10	30	0	0
32	100	31	10	30	0	0
32	50	43	10	30	1	0
32	20	25	10	30	1	0
32	1	43	10	30	0	0
32	5	25	10	30	1	0
32	10	31	10	30	0	0
32	100	25	10	30	0	0
32	20	37	10	30	0	0
32	50	31	10	30	0	0
32	10	19	10	30	0	0
32	50	25	10	30	0	0
32	100	19	10	30	1	0
32	1	31	10	30	1	0
32	5	19	10	30	0	0
32	20	43	10	30	0	0
32	100	37	10	30	1	0
32	20	19	10	30	1	0
32	10	25	10	30	0	0
32	50	37	10	30	0	0
32	1	19	10	30	0	0
32	5	31	10	30	1	0
32	1	25	20	20	0	1
32	10	31	20	20	1	1
32	100	43	20	20	1	1
32	20	37	20	20	1	1
32	50	31	20	20	1	1
32	5	25	20	20	1	1
32	100	25	20	20	1	1
32	1	19	20	20	1	1
32	20	19	20	20	0	1
32	10	37	20	20	1	1
32	5	19	20	20	0	1
32	50	19	20	20	1	1
32	50	37	20	20	1	1
32	100	31	20	20	0	1
32	10	25	20	20	0	1
32	1	31	20	20	1	1
32	5	37	20	20	0	1
32	20	25	20	20	1	1
32	5	43	20	20	0	1
32	20	43	20	20	0	1
32	1	43	20	20	0	1
32	10	43	20	20	0	1
32	100	37	20	20	1	1
32	50	25	20	20	0	1
32	50	43	20	20	1	1
32	20	31	20	20	1	1
32	100	19	20	20	0	1
32	1	37	20	20	1	1
32	10	19	20	20	0	1
32	5	31	20	20	1	1
32	50	31	10	30	1	0
32	10	31	10	30	1	0
32	20	37	10	30	0	0
32	1	43	10	30	1	0
32	100	19	10	30	1	0
32	5	25	10	30	1	0
32	10	43	10	30	1	0
32	1	31	10	30	1	0
32	20	25	10	30	0	0
32	100	37	10	30	0	0
32	5	31	10	30	0	0
32	50	19	10	30	0	0
32	20	43	10	30	1	0
32	10	25	10	30	1	0
32	100	25	10	30	1	0
32	1	37	10	30	1	0
32	50	25	10	30	1	0
32	5	43	10	30	1	0
32	50	37	10	30	1	0
32	100	31	10	30	0	0
32	10	19	10	30	0	0
32	5	37	10	30	1	0
32	1	25	10	30	0	0
32	20	31	10	30	1	0
32	5	19	10	30	0	0
32	100	43	10	30	0	0
32	1	19	10	30	0	0
32	10	37	10	30	1	0
32	50	43	10	30	1	0
32	20	19	10	30	1	0
33	20	19	10	30	1	0
33	1	37	10	30	1	0
33	50	31	10	30	0	0
33	10	43	10	30	0	0
33	5	25	10	30	1	0
33	100	43	10	30	0	0
33	20	43	10	30	0	0
33	1	25	10	30	1	0
33	10	31	10	30	1	0
33	100	37	10	30	0	0
33	5	37	10	30	1	0
33	50	37	10	30	0	0
33	100	25	10	30	0	0
33	20	25	10	30	1	0
33	1	43	10	30	1	0
33	5	43	10	30	0	0
33	50	25	10	30	0	0
33	10	19	10	30	1	0
33	50	19	10	30	0	0
33	20	31	10	30	1	0
33	5	31	10	30	1	0
33	100	19	10	30	0	0
33	1	19	10	30	1	0
33	10	25	10	30	1	0
33	50	43	10	30	0	0
33	10	37	10	30	0	0
33	1	31	10	30	1	0
33	5	19	10	30	1	0
33	100	31	10	30	0	0
33	20	37	10	30	0	0
33	1	43	10	30	0	0
33	20	25	10	30	1	0
33	100	25	10	30	0	0
33	50	37	10	30	0	0
33	5	37	10	30	0	0
33	10	25	10	30	1	0
33	50	31	10	30	0	0
33	1	31	10	30	1	0
33	5	31	10	30	1	0
33	20	31	10	30	0	0
33	10	43	10	30	0	0
33	100	43	10	30	0	0
33	100	19	10	30	0	0
33	10	31	10	30	1	0
33	50	19	10	30	0	0
33	1	19	10	30	1	0
33	20	37	10	30	0	0
33	5	43	10	30	0	0
33	5	19	10	30	1	0
33	100	31	10	30	0	0
33	10	19	10	30	1	0
33	50	25	10	30	0	0
33	1	37	10	30	1	0
33	20	19	10	30	1	0
33	5	25	10	30	1	0
33	20	43	10	30	0	0
33	100	37	10	30	0	0
33	10	37	10	30	0	0
33	1	25	10	30	1	0
33	50	43	10	30	0	0
33	10	25	20	20	1	1
33	5	37	20	20	0	1
33	20	25	20	20	1	1
33	100	19	20	20	1	1
33	1	37	20	20	0	1
33	50	37	20	20	0	1
33	1	43	20	20	0	1
33	5	19	20	20	1	1
33	50	43	20	20	0	1
33	100	43	20	20	0	1
33	10	43	20	20	0	1
33	20	43	20	20	0	1
33	20	31	20	20	0	1
33	50	31	20	20	0	1
33	100	25	20	20	0	1
33	5	31	20	20	0	1
33	1	31	20	20	1	1
33	10	31	20	20	1	1
33	5	25	20	20	1	1
33	100	31	20	20	0	1
33	10	37	20	20	0	1
33	20	37	20	20	0	1
33	1	25	20	20	1	1
33	50	19	20	20	1	1
33	10	19	20	20	1	1
33	50	25	20	20	0	1
33	1	19	20	20	1	1
33	100	37	20	20	0	1
33	5	43	20	20	0	1
33	20	19	20	20	1	1
33	100	31	20	20	0	1
33	20	19	20	20	1	1
33	1	25	20	20	1	1
33	50	37	20	20	0	1
33	10	43	20	20	0	1
33	5	37	20	20	0	1
33	50	25	20	20	0	1
33	10	37	20	20	0	1
33	20	43	20	20	0	1
33	100	37	20	20	0	1
33	5	43	20	20	0	1
33	1	31	20	20	1	1
33	1	37	20	20	1	1
33	20	31	20	20	1	1
33	50	31	20	20	1	1
33	100	19	20	20	1	1
33	10	19	20	20	1	1
33	5	25	20	20	1	1
33	50	19	20	20	1	1
33	1	19	20	20	1	1
33	10	25	20	20	1	1
33	20	37	20	20	0	1
33	5	31	20	20	1	1
33	100	25	20	20	0	1
33	100	43	20	20	0	1
33	1	43	20	20	0	1
33	10	31	20	20	1	1
33	5	19	20	20	1	1
33	20	25	20	20	1	1
33	50	43	20	20	0	1
34	50	37	20	20	0	1
34	100	37	20	20	0	1
34	1	19	20	20	1	1
34	10	37	20	20	1	1
34	20	37	20	20	1	1
34	5	43	20	20	1	1
34	5	37	20	20	1	1
34	1	31	20	20	1	1
34	20	31	20	20	1	1
34	100	25	20	20	0	1
34	10	31	20	20	1	1
34	50	43	20	20	0	1
34	10	43	20	20	1	1
34	5	25	20	20	1	1
34	50	25	20	20	0	1
34	20	25	20	20	1	1
34	100	19	20	20	0	1
34	1	43	20	20	1	1
34	5	31	20	20	1	1
34	10	25	20	20	1	1
34	20	19	20	20	1	1
34	1	37	20	20	1	1
34	50	31	20	20	0	1
34	100	43	20	20	0	1
34	10	19	20	20	0	1
34	5	19	20	20	1	1
34	50	19	20	20	0	1
34	1	25	20	20	1	1
34	20	43	20	20	1	1
34	100	31	20	20	0	1
34	20	37	10	30	1	0
34	10	37	10	30	1	0
34	50	31	10	30	0	0
34	1	37	10	30	1	0
34	100	43	10	30	0	0
34	5	31	10	30	1	0
34	20	43	10	30	1	0
34	50	19	10	30	0	0
34	1	19	10	30	1	0
34	5	19	10	30	1	0
34	100	31	10	30	0	0
34	10	19	10	30	1	0
34	20	19	10	30	1	0
34	100	19	10	30	0	0
34	50	37	10	30	0	0
34	1	31	10	30	1	0
34	5	25	10	30	1	0
34	10	31	10	30	1	0
34	10	43	10	30	1	0
34	1	25	10	30	1	0
34	5	43	10	30	1	0
34	20	31	10	30	1	0
34	50	43	10	30	0	0
34	100	37	10	30	0	0
34	10	25	10	30	0	0
34	100	25	10	30	0	0
34	20	25	10	30	1	0
34	50	25	10	30	0	0
34	1	43	10	30	1	0
34	5	37	10	30	1	0
34	50	37	20	20	0	1
34	1	25	20	20	1	1
34	100	19	20	20	0	1
34	10	25	20	20	1	1
34	5	25	20	20	1	1
34	20	19	20	20	1	1
34	1	43	20	20	1	1
34	100	25	20	20	0	1
34	20	37	20	20	1	1
34	10	43	20	20	1	1
34	50	43	20	20	0	1
34	5	19	20	20	1	1
34	20	25	20	20	1	1
34	5	31	20	20	1	1
34	100	43	20	20	0	1
34	10	19	20	20	1	1
34	1	31	20	20	1	1
34	50	25	20	20	0	1
34	50	19	20	20	0	1
34	20	31	20	20	1	1
34	5	43	20	20	1	1
34	100	31	20	20	0	1
34	1	37	20	20	1	1
34	10	37	20	20	1	1
34	1	19	20	20	1	1
34	50	31	20	20	0	1
34	100	37	20	20	0	1
34	5	37	20	20	1	1
34	20	43	20	20	1	1
34	10	31	20	20	1	1
34	10	25	10	30	1	0
34	5	19	10	30	1	0
34	20	19	10	30	1	0
34	50	37	10	30	0	0
34	1	43	10	30	1	0
34	100	25	10	30	0	0
34	10	43	10	30	1	0
34	50	25	10	30	0	0
34	1	25	10	30	1	0
34	100	19	10	30	0	0
34	20	25	10	30	1	0
34	5	25	10	30	1	0
34	20	43	10	30	1	0
34	5	31	10	30	1	0
34	1	37	10	30	1	0
34	100	37	10	30	0	0
34	10	37	10	30	1	0
34	50	43	10	30	0	0
34	5	37	10	30	1	0
34	20	37	10	30	1	0
34	10	19	10	30	1	0
34	1	31	10	30	1	0
34	100	43	10	30	0	0
34	50	31	10	30	0	0
34	100	31	10	30	0	0
34	20	31	10	30	1	0
34	10	31	10	30	1	0
34	1	19	10	30	1	0
34	5	43	10	30	1	0
34	50	19	10	30	0	0
35	100	19	20	20	1	1
35	20	43	20	20	0	1
35	10	37	20	20	0	1
35	50	19	20	20	1	1
35	1	19	20	20	1	1
35	5	37	20	20	0	1
35	50	43	20	20	0	1
35	1	37	20	20	0	1
35	5	25	20	20	0	1
35	20	19	20	20	1	1
35	100	37	20	20	0	1
35	10	31	20	20	0	1
35	10	19	20	20	1	1
35	20	25	20	20	0	1
35	100	43	20	20	0	1
35	5	31	20	20	0	1
35	1	25	20	20	0	1
35	50	25	20	20	0	1
35	50	31	20	20	0	1
35	10	43	20	20	0	1
35	100	25	20	20	0	1
35	20	31	20	20	0	1
35	1	43	20	20	0	1
35	5	43	20	20	0	1
35	100	31	20	20	0	1
35	5	19	20	20	1	1
35	20	37	20	20	0	1
35	1	31	20	20	0	1
35	10	25	20	20	0	1
35	50	37	20	20	0	1
35	100	19	10	30	0	0
35	20	37	10	30	0	0
35	1	19	10	30	0	0
35	5	25	10	30	0	0
35	10	43	10	30	0	0
35	50	19	10	30	0	0
35	10	19	10	30	0	0
35	50	25	10	30	0	0
35	20	25	10	30	0	0
35	100	43	10	30	0	0
35	5	37	10	30	0	0
35	1	37	10	30	0	0
35	10	37	10	30	0	0
35	100	31	10	30	0	0
35	1	31	10	30	0	0
35	5	31	10	30	0	0
35	20	43	10	30	0	0
35	50	43	10	30	0	0
35	50	31	10	30	0	0
35	5	43	10	30	0	0
35	1	43	10	30	0	0
35	20	19	10	30	1	0
35	100	37	10	30	0	0
35	10	31	10	30	0	0
35	5	19	10	30	1	0
35	100	25	10	30	0	0
35	10	25	10	30	0	0
35	1	25	10	30	1	0
35	20	31	10	30	0	0
35	50	37	10	30	0	0
35	50	31	10	30	0	0
35	10	37	10	30	0	0
35	100	43	10	30	0	0
35	20	31	10	30	0	0
35	1	43	10	30	0	0
35	5	31	10	30	0	0
35	100	37	10	30	0	0
35	5	19	10	30	0	0
35	20	37	10	30	0	0
35	10	43	10	30	0	0
35	50	19	10	30	0	0
35	1	37	10	30	0	0
35	20	19	10	30	1	0
35	50	25	10	30	0	0
35	1	19	10	30	1	0
35	10	31	10	30	0	0
35	100	31	10	30	0	0
35	5	43	10	30	0	0
35	100	19	10	30	0	0
35	1	31	10	30	0	0
35	5	25	10	30	1	0
35	50	43	10	30	0	0
35	10	25	10	30	1	0
35	20	43	10	30	0	0
35	100	25	10	30	0	0
35	20	25	10	30	1	0
35	50	37	10	30	0	0
35	5	37	10	30	0	0
35	1	25	10	30	1	0
35	10	19	10	30	1	0
35	1	31	20	20	0	1
35	20	37	20	20	0	1
35	10	25	20	20	1	1
35	100	31	20	20	0	1
35	5	37	20	20	0	1
35	50	19	20	20	1	1
35	5	31	20	20	0	1
35	10	19	20	20	1	1
35	20	19	20	20	1	1
35	100	37	20	20	0	1
35	1	37	20	20	0	1
35	50	31	20	20	0	1
35	50	43	20	20	0	1
35	10	43	20	20	0	1
35	20	43	20	20	0	1
35	1	19	20	20	1	1
35	100	25	20	20	0	1
35	5	25	20	20	1	1
35	5	43	20	20	0	1
35	10	37	20	20	0	1
35	100	19	20	20	1	1
35	50	37	20	20	0	1
35	20	25	20	20	1	1
35	1	25	20	20	1	1
35	5	19	20	20	1	1
35	1	43	20	20	0	1
35	20	31	20	20	0	1
35	100	43	20	20	0	1
35	50	25	20	20	0	1
35	10	31	20	20	0	1
36	100	25	10	30	0	0
36	10	37	10	30	1	0
36	20	25	10	30	0	0
36	5	25	10	30	1	0
36	50	31	10	30	0	0
36	1	37	10	30	1	0
36	20	31	10	30	0	0
36	50	37	10	30	0	0
36	1	25	10	30	1	0
36	100	43	10	30	0	0
36	10	19	10	30	1	0
36	5	19	10	30	1	0
36	10	43	10	30	0	0
36	1	19	10	30	1	0
36	20	37	10	30	0	0
36	100	19	10	30	0	0
36	5	37	10	30	0	0
36	50	43	10	30	0	0
36	1	43	10	30	1	0
36	5	43	10	30	1	0
36	10	31	10	30	1	0
36	50	19	10	30	0	0
36	100	37	10	30	0	0
36	20	19	10	30	0	0
36	1	31	10	30	1	0
36	50	25	10	30	0	0
36	100	31	10	30	0	0
36	5	31	10	30	0	0
36	10	25	10	30	0	0
36	20	43	10	30	0	0
36	50	43	20	20	0	1
36	1	25	20	20	1	1
36	20	19	20	20	0	1
36	5	31	20	20	1	1
36	10	31	20	20	1	1
36	100	25	20	20	0	1
36	100	37	20	20	0	1
36	1	19	20	20	1	1
36	20	37	20	20	0	1
36	50	19	20	20	0	1
36	10	19	20	20	0	1
36	5	25	20	20	0	1
36	5	37	20	20	1	1
36	50	37	20	20	0	1
36	10	37	20	20	1	1
36	20	43	20	20	0	1
36	100	31	20	20	0	1
36	1	37	20	20	1	1
36	10	43	20	20	1	1
36	50	31	20	20	0	1
36	5	19	20	20	0	1
36	100	43	20	20	0	1
36	20	25	20	20	0	1
36	1	43	20	20	1	1
36	1	31	20	20	1	1
36	10	25	20	20	0	1
36	5	43	20	20	1	1
36	100	19	20	20	0	1
36	20	31	20	20	0	1
36	50	25	20	20	0	1
36	1	25	20	20	1	1
36	20	37	20	20	0	1
36	100	43	20	20	0	1
36	10	19	20	20	1	1
36	5	43	20	20	1	1
36	50	31	20	20	0	1
36	1	37	20	20	1	1
36	20	31	20	20	0	1
36	100	37	20	20	0	1
36	50	25	20	20	0	1
36	5	19	20	20	0	1
36	10	25	20	20	0	1
36	10	31	20	20	1	1
36	20	25	20	20	0	1
36	5	31	20	20	0	1
36	100	31	20	20	0	1
36	50	37	20	20	0	1
36	1	31	20	20	1	1
36	1	43	20	20	1	1
36	20	43	20	20	0	1
36	10	43	20	20	1	1
36	100	25	20	20	0	1
36	5	37	20	20	1	1
36	50	43	20	20	0	1
36	20	19	20	20	1	1
36	50	19	20	20	0	1
36	5	25	20	20	0	1
36	1	19	20	20	1	1
36	10	37	20	20	1	1
36	100	19	20	20	0	1
36	20	19	10	30	0	0
36	1	37	10	30	1	0
36	10	43	10	30	1	0
36	5	25	10	30	1	0
36	50	31	10	30	0	0
36	100	25	10	30	0	0
36	20	43	10	30	0	0
36	1	43	10	30	0	0
36	5	31	10	30	0	0
36	10	25	10	30	0	0
36	50	25	10	30	0	0
36	100	31	10	30	0	0
36	10	19	10	30	0	0
36	100	37	10	30	0	0
36	5	37	10	30	1	0
36	50	19	10	30	0	0
36	20	37	10	30	0	0
36	1	19	10	30	0	0
36	50	43	10	30	0	0
36	5	19	10	30	0	0
36	10	31	10	30	0	0
36	1	25	10	30	1	0
36	20	25	10	30	0	0
36	100	19	10	30	0	0
36	20	31	10	30	0	0
36	10	37	10	30	1	0
36	100	43	10	30	0	0
36	1	31	10	30	1	0
36	5	43	10	30	0	0
36	50	37	10	30	0	0
37	20	25	20	20	0	1
37	1	25	20	20	1	1
37	100	37	20	20	1	1
37	10	25	20	20	1	1
37	5	43	20	20	0	1
37	50	25	20	20	0	1
37	1	37	20	20	0	1
37	20	19	20	20	1	1
37	50	43	20	20	1	1
37	100	43	20	20	0	1
37	10	19	20	20	0	1
37	5	25	20	20	1	1
37	10	43	20	20	0	1
37	20	37	20	20	1	1
37	50	19	20	20	1	1
37	100	31	20	20	0	1
37	5	31	20	20	0	1
37	1	31	20	20	1	1
37	20	31	20	20	0	1
37	1	43	20	20	1	1
37	10	31	20	20	0	1
37	100	25	20	20	0	1
37	5	19	20	20	0	1
37	50	31	20	20	0	1
37	20	43	20	20	0	1
37	50	37	20	20	0	1
37	5	37	20	20	0	1
37	100	19	20	20	0	1
37	1	19	20	20	0	1
37	10	37	20	20	1	1
37	1	31	10	30	0	0
37	5	25	10	30	1	0
37	50	37	10	30	1	0
37	10	37	10	30	1	0
37	20	43	10	30	0	0
37	100	37	10	30	0	0
37	5	31	10	30	0	0
37	1	37	10	30	1	0
37	50	25	10	30	1	0
37	10	25	10	30	1	0
37	20	31	10	30	0	0
37	100	43	10	30	0	0
37	50	31	10	30	1	0
37	100	25	10	30	0	0
37	5	43	10	30	0	0
37	20	25	10	30	1	0
37	1	43	10	30	0	0
37	10	43	10	30	1	0
37	20	37	10	30	0	0
37	100	19	10	30	0	0
37	1	19	10	30	0	0
37	10	19	10	30	1	0
37	50	19	10	30	1	0
37	5	19	10	30	1	0
37	20	19	10	30	0	0
37	100	31	10	30	0	0
37	5	37	10	30	0	0
37	10	31	10	30	1	0
37	50	43	10	30	1	0
37	1	25	10	30	1	0
37	20	43	20	20	0	1
37	50	43	20	20	0	1
37	1	25	20	20	0	1
37	10	37	20	20	1	1
37	100	25	20	20	1	1
37	5	25	20	20	1	1
37	100	19	20	20	1	1
37	50	19	20	20	0	1
37	10	43	20	20	0	1
37	5	43	20	20	1	1
37	20	31	20	20	0	1
37	1	37	20	20	1	1
37	10	31	20	20	0	1
37	1	31	20	20	1	1
37	100	31	20	20	1	1
37	20	37	20	20	1	1
37	50	31	20	20	1	1
37	5	31	20	20	1	1
37	10	19	20	20	0	1
37	5	37	20	20	1	1
37	20	19	20	20	0	1
37	1	43	20	20	1	1
37	100	43	20	20	1	1
37	50	25	20	20	0	1
37	20	25	20	20	0	1
37	100	37	20	20	0	1
37	50	37	20	20	1	1
37	10	25	20	20	1	1
37	1	19	20	20	0	1
37	5	19	20	20	1	1
37	5	37	10	30	1	0
37	50	43	10	30	0	0
37	10	19	10	30	1	0
37	20	19	10	30	0	0
37	1	37	10	30	1	0
37	100	31	10	30	0	0
37	5	19	10	30	1	0
37	100	37	10	30	0	0
37	1	31	10	30	1	0
37	50	37	10	30	0	0
37	10	43	10	30	1	0
37	20	43	10	30	0	0
37	20	37	10	30	1	0
37	100	25	10	30	0	0
37	50	25	10	30	1	0
37	1	25	10	30	0	0
37	5	31	10	30	1	0
37	10	31	10	30	0	0
37	50	19	10	30	1	0
37	5	25	10	30	0	0
37	100	19	10	30	1	0
37	20	31	10	30	0	0
37	10	25	10	30	1	0
37	1	43	10	30	0	0
37	1	19	10	30	1	0
37	50	31	10	30	0	0
37	100	43	10	30	1	0
37	10	37	10	30	0	0
37	20	25	10	30	1	0
37	5	43	10	30	0	0
38	100	31	10	30	0	0
38	50	31	10	30	0	0
38	10	43	10	30	1	0
38	5	19	10	30	1	0
38	1	19	10	30	1	0
38	20	31	10	30	1	0
38	100	43	10	30	0	0
38	5	25	10	30	1	0
38	10	25	10	30	0	0
38	1	37	10	30	1	0
38	50	25	10	30	0	0
38	20	37	10	30	0	0
38	10	19	10	30	1	0
38	20	43	10	30	0	0
38	100	19	10	30	0	0
38	50	43	10	30	0	0
38	5	31	10	30	1	0
38	1	43	10	30	0	0
38	20	19	10	30	1	0
38	10	31	10	30	0	0
38	50	19	10	30	0	0
38	100	25	10	30	0	0
38	5	43	10	30	0	0
38	1	31	10	30	1	0
38	20	25	10	30	1	0
38	10	37	10	30	0	0
38	5	37	10	30	1	0
38	100	37	10	30	0	0
38	50	37	10	30	0	0
38	1	25	10	30	1	0
38	10	19	20	20	1	1
38	100	19	20	20	1	1
38	1	31	20	20	1	1
38	5	25	20	20	1	1
38	20	25	20	20	1	1
38	50	37	20	20	0	1
38	100	31	20	20	0	1
38	5	19	20	20	1	1
38	20	37	20	20	0	1
38	50	43	20	20	0	1
38	1	37	20	20	1	1
38	10	43	20	20	0	1
38	50	31	20	20	0	1
38	100	43	20	20	0	1
38	10	31	20	20	1	1
38	5	31	20	20	1	1
38	20	19	20	20	1	1
38	1	43	20	20	0	1
38	5	43	20	20	0	1
38	1	19	20	20	1	1
38	10	25	20	20	1	1
38	50	25	20	20	1	1
38	20	31	20	20	1	1
38	100	37	20	20	0	1
38	100	25	20	20	0	1
38	1	25	20	20	1	1
38	10	37	20	20	0	1
38	50	19	20	20	1	1
38	5	37	20	20	0	1
38	20	43	20	20	0	1
38	1	19	10	30	1	0
38	20	31	10	30	0	0
38	10	43	10	30	0	0
38	5	31	10	30	1	0
38	50	37	10	30	0	0
38	100	19	10	30	0	0
38	50	25	10	30	0	0
38	100	43	10	30	0	0
38	5	25	10	30	1	0
38	10	25	10	30	1	0
38	1	43	10	30	0	0
38	20	25	10	30	0	0
38	100	25	10	30	0	0
38	5	37	10	30	0	0
38	20	19	10	30	1	0
38	1	25	10	30	1	0
38	50	31	10	30	0	0
38	10	19	10	30	1	0
38	20	43	10	30	0	0
38	5	43	10	30	0	0
38	10	37	10	30	0	0
38	100	37	10	30	0	0
38	50	43	10	30	0	0
38	1	31	10	30	1	0
38	20	37	10	30	0	0
38	1	37	10	30	1	0
38	50	19	10	30	1	0
38	5	19	10	30	1	0
38	10	31	10	30	0	0
38	100	31	10	30	0	0
38	20	31	20	20	1	1
38	5	31	20	20	1	1
38	100	37	20	20	0	1
38	10	19	20	20	1	1
38	50	31	20	20	0	1
38	1	19	20	20	1	1
38	10	37	20	20	0	1
38	5	37	20	20	0	1
38	1	25	20	20	1	1
38	50	37	20	20	0	1
38	100	19	20	20	1	1
38	20	19	20	20	1	1
38	5	19	20	20	1	1
38	100	43	20	20	0	1
38	50	43	20	20	0	1
38	10	31	20	20	1	1
38	1	31	20	20	1	1
38	20	43	20	20	0	1
38	50	25	20	20	0	1
38	1	37	20	20	1	1
38	5	43	20	20	0	1
38	20	37	20	20	0	1
38	10	25	20	20	1	1
38	100	25	20	20	0	1
38	1	43	20	20	1	1
38	10	43	20	20	0	1
38	50	19	20	20	1	1
38	20	25	20	20	1	1
38	5	25	20	20	1	1
38	100	31	20	20	0	1
39	100	25	20	20	0	1
39	5	37	20	20	1	1
39	50	43	20	20	0	1
39	20	31	20	20	0	1
39	10	31	20	20	1	1
39	1	25	20	20	1	1
39	100	19	20	20	0	1
39	1	31	20	20	1	1
39	5	25	20	20	1	1
39	20	37	20	20	0	1
39	10	19	20	20	1	1
39	50	31	20	20	0	1
39	5	43	20	20	1	1
39	10	25	20	20	1	1
39	50	37	20	20	0	1
39	100	37	20	20	0	1
39	1	37	20	20	1	1
39	20	19	20	20	0	1
39	20	43	20	20	0	1
39	1	19	20	20	1	1
39	100	43	20	20	0	1
39	10	37	20	20	1	1
39	50	19	20	20	1	1
39	5	31	20	20	1	1
39	1	43	20	20	1	1
39	5	19	20	20	1	1
39	10	43	20	20	0	1
39	50	25	20	20	0	1
39	100	31	20	20	0	1
39	20	25	20	20	0	1
39	10	37	10	30	1	0
39	100	25	10	30	0	0
39	5	31	10	30	1	0
39	20	43	10	30	0	0
39	50	37	10	30	0	0
39	1	25	10	30	1	0
39	5	25	10	30	1	0
39	10	43	10	30	0	0
39	1	37	10	30	1	0
39	50	43	10	30	0	0
39	20	37	10	30	0	0
39	100	31	10	30	0	0
39	10	31	10	30	1	0
39	100	19	10	30	0	0
39	5	19	10	30	1	0
39	1	19	10	30	1	0
39	50	31	10	30	0	0
39	20	31	10	30	0	0
39	10	25	10	30	1	0
39	50	19	10	30	0	0
39	20	25	10	30	0	0
39	1	43	10	30	1	0
39	100	37	10	30	0	0
39	5	37	10	30	1	0
39	1	31	10	30	1	0
39	20	19	10	30	0	0
39	50	25	10	30	0	0
39	5	43	10	30	1	0
39	100	43	10	30	0	0
39	10	19	10	30	1	0
39	50	19	20	20	0	1
39	10	31	20	20	1	1
39	100	43	20	20	0	1
39	20	37	20	20	0	1
39	5	25	20	20	1	1
39	1	43	20	20	1	1
39	20	31	20	20	0	1
39	1	31	20	20	1	1
39	50	25	20	20	0	1
39	5	19	20	20	1	1
39	100	31	20	20	0	1
39	10	25	20	20	1	1
39	5	31	20	20	1	1
39	50	37	20	20	0	1
39	100	37	20	20	0	1
39	1	25	20	20	1	1
39	20	25	20	20	0	1
39	10	37	20	20	1	1
39	10	43	20	20	0	1
39	100	25	20	20	0	1
39	50	43	20	20	0	1
39	20	43	20	20	0	1
39	5	43	20	20	1	1
39	1	19	20	20	1	1
39	20	19	20	20	0	1
39	100	19	20	20	0	1
39	10	19	20	20	1	1
39	50	31	20	20	0	1
39	5	37	20	20	1	1
39	1	37	20	20	1	1
39	1	25	10	30	1	0
39	100	31	10	30	0	0
39	50	19	10	30	0	0
39	20	43	10	30	0	0
39	10	43	10	30	0	0
39	5	25	10	30	1	0
39	10	37	10	30	1	0
39	20	31	10	30	0	0
39	100	43	10	30	0	0
39	5	19	10	30	1	0
39	1	19	10	30	1	0
39	50	43	10	30	0	0
39	20	25	10	30	0	0
39	5	37	10	30	1	0
39	100	19	10	30	0	0
39	10	19	10	30	1	0
39	1	37	10	30	1	0
39	50	25	10	30	0	0
39	20	19	10	30	0	0
39	50	37	10	30	0	0
39	1	43	10	30	1	0
39	5	43	10	30	1	0
39	100	25	10	30	0	0
39	10	31	10	30	1	0
39	50	31	10	30	0	0
39	10	25	10	30	1	0
39	5	31	10	30	1	0
39	100	37	10	30	0	0
39	1	31	10	30	1	0
39	20	37	10	30	0	0
40	5	37	10	30	1	0
40	10	31	10	30	1	0
40	20	31	10	30	1	0
40	1	25	10	30	1	0
40	50	25	10	30	1	0
40	100	25	10	30	1	0
40	20	43	10	30	1	0
40	100	19	10	30	1	0
40	50	19	10	30	1	0
40	1	43	10	30	1	0
40	5	31	10	30	1	0
40	10	43	10	30	1	0
40	100	31	10	30	1	0
40	50	37	10	30	1	0
40	20	25	10	30	1	0
40	5	43	10	30	1	0
40	1	19	10	30	1	0
40	10	37	10	30	1	0
40	5	25	10	30	1	0
40	100	43	10	30	0	0
40	10	19	10	30	1	0
40	50	31	10	30	1	0
40	1	31	10	30	1	0
40	20	19	10	30	1	0
40	5	19	10	30	1	0
40	1	37	10	30	1	0
40	20	37	10	30	1	0
40	50	43	10	30	0	0
40	100	37	10	30	1	0
40	10	25	10	30	1	0
40	20	19	10	30	1	0
40	1	25	10	30	1	0
40	50	31	10	30	1	0
40	10	37	10	30	1	0
40	5	25	10	30	1	0
40	100	43	10	30	0	0
40	100	25	10	30	1	0
40	5	37	10	30	1	0
40	1	19	10	30	1	0
40	20	37	10	30	1	0
40	10	43	10	30	1	0
40	50	37	10	30	1	0
40	100	37	10	30	1	0
40	5	31	10	30	1	0
40	20	43	10	30	1	0
40	50	19	10	30	1	0
40	1	31	10	30	1	0
40	10	25	10	30	1	0
40	50	25	10	30	1	0
40	1	43	10	30	1	0
40	20	31	10	30	1	0
40	100	19	10	30	1	0
40	10	19	10	30	1	0
40	5	43	10	30	1	0
40	100	31	10	30	1	0
40	10	31	10	30	1	0
40	50	43	10	30	0	0
40	20	25	10	30	1	0
40	5	19	10	30	1	0
40	1	37	10	30	1	0
40	1	43	20	20	1	1
40	50	43	20	20	0	1
40	5	25	20	20	1	1
40	20	37	20	20	1	1
40	10	19	20	20	1	1
40	100	31	20	20	1	1
40	100	19	20	20	1	1
40	10	37	20	20	1	1
40	20	43	20	20	1	1
40	50	25	20	20	1	1
40	1	25	20	20	1	1
40	5	37	20	20	1	1
40	10	25	20	20	1	1
40	50	31	20	20	1	1
40	5	43	20	20	1	1
40	20	25	20	20	1	1
40	100	43	20	20	0	1
40	1	31	20	20	1	1
40	1	19	20	20	1	1
40	5	19	20	20	1	1
40	20	19	20	20	1	1
40	10	43	20	20	1	1
40	50	19	20	20	1	1
40	100	25	20	20	1	1
40	10	31	20	20	1	1
40	20	31	20	20	1	1
40	100	37	20	20	1	1
40	1	37	20	20	1	1
40	5	31	20	20	1	1
40	50	37	20	20	1	1
40	5	37	20	20	0	1
40	10	31	20	20	1	1
40	100	25	20	20	0	1
40	20	37	20	20	1	1
40	50	43	20	20	1	1
40	1	43	20	20	1	1
40	20	19	20	20	0	1
40	1	25	20	20	1	1
40	50	31	20	20	0	1
40	100	43	20	20	0	1
40	10	43	20	20	0	1
40	5	19	20	20	1	1
40	50	19	20	20	0	1
40	5	31	20	20	1	1
40	10	37	20	20	0	1
40	100	37	20	20	1	1
40	20	31	20	20	0	1
40	1	37	20	20	1	1
40	10	25	20	20	0	1
40	20	43	20	20	1	1
40	50	37	20	20	0	1
40	1	31	20	20	1	1
40	5	25	20	20	0	1
40	100	19	20	20	1	1
40	5	43	20	20	0	1
40	100	31	20	20	1	1
40	1	19	20	20	0	1
40	10	19	20	20	1	1
40	20	25	20	20	0	1
40	50	25	20	20	1	1
41	100	31	20	20	0	1
41	10	19	20	20	1	1
41	5	25	20	20	0	1
41	50	25	20	20	0	1
41	1	43	20	20	1	1
41	20	43	20	20	0	1
41	20	37	20	20	0	1
41	5	43	20	20	0	1
41	50	19	20	20	1	1
41	1	37	20	20	1	1
41	100	25	20	20	0	1
41	10	25	20	20	0	1
41	50	43	20	20	0	1
41	10	43	20	20	0	1
41	20	19	20	20	1	1
41	100	43	20	20	0	1
41	5	37	20	20	0	1
41	1	31	20	20	1	1
41	1	19	20	20	1	1
41	20	25	20	20	0	1
41	100	19	20	20	1	1
41	5	19	20	20	1	1
41	50	31	20	20	0	1
41	10	37	20	20	0	1
41	1	25	20	20	1	1
41	100	37	20	20	0	1
41	5	31	20	20	0	1
41	20	31	20	20	0	1
41	50	37	20	20	0	1
41	10	31	20	20	0	1
41	1	31	10	30	1	0
41	50	19	10	30	1	0
41	5	19	10	30	1	0
41	100	19	10	30	1	0
41	10	43	10	30	0	0
41	20	43	10	30	0	0
41	5	25	10	30	0	0
41	10	25	10	30	0	0
41	50	31	10	30	0	0
41	20	31	10	30	0	0
41	1	43	10	30	1	0
41	100	31	10	30	0	0
41	5	43	10	30	0	0
41	20	25	10	30	0	0
41	100	25	10	30	0	0
41	1	25	10	30	1	0
41	50	25	10	30	0	0
41	10	31	10	30	0	0
41	1	37	10	30	1	0
41	20	19	10	30	1	0
41	5	31	10	30	0	0
41	10	19	10	30	1	0
41	50	37	10	30	0	0
41	100	43	10	30	0	0
41	20	37	10	30	0	0
41	50	43	10	30	0	0
41	1	19	10	30	1	0
41	100	37	10	30	0	0
41	10	37	10	30	0	0
41	5	37	10	30	0	0
41	10	31	10	30	0	0
41	20	31	10	30	0	0
41	1	19	10	30	1	0
41	5	31	10	30	0	0
41	100	31	10	30	0	0
41	50	37	10	30	0	0
41	20	37	10	30	0	0
41	10	19	10	30	0	0
41	50	25	10	30	0	0
41	100	37	10	30	0	0
41	1	25	10	30	1	0
41	5	19	10	30	0	0
41	50	43	10	30	0	0
41	100	43	10	30	0	0
41	20	19	10	30	0	0
41	10	37	10	30	0	0
41	1	31	10	30	1	0
41	5	37	10	30	0	0
41	50	31	10	30	0	0
41	20	25	10	30	0	0
41	10	25	10	30	0	0
41	100	25	10	30	0	0
41	5	25	10	30	0	0
41	1	43	10	30	1	0
41	100	19	10	30	0	0
41	20	43	10	30	0	0
41	50	19	10	30	0	0
41	10	43	10	30	0	0
41	5	43	10	30	0	0
41	1	37	10	30	1	0
41	100	37	20	20	0	1
41	10	37	20	20	0	1
41	1	19	20	20	1	1
41	5	37	20	20	0	1
41	20	37	20	20	0	1
41	50	25	20	20	0	1
41	10	19	20	20	1	1
41	20	25	20	20	0	1
41	50	37	20	20	0	1
41	100	25	20	20	0	1
41	5	43	20	20	0	1
41	1	31	20	20	1	1
41	100	31	20	20	0	1
41	1	25	20	20	1	1
41	5	31	20	20	0	1
41	50	19	20	20	1	1
41	10	43	20	20	0	1
41	20	43	20	20	0	1
41	5	25	20	20	0	1
41	10	25	20	20	0	1
41	20	19	20	20	1	1
41	1	37	20	20	1	1
41	100	43	20	20	0	1
41	50	43	20	20	0	1
41	50	31	20	20	0	1
41	20	31	20	20	0	1
41	10	31	20	20	0	1
41	100	19	20	20	1	1
41	5	19	20	20	1	1
41	1	43	20	20	1	1
